0.287491 341
1.05767 681
1.05767 1021
1.05767 1361
1.05767 1701
1.05924 2041
1.4514 2381
2.42157 2721
2.42157 3061
2.42157 3401
2.42157 3741
2.42315 4081
2.61372 4421
2.80587 4761
2.80745 5101
2.9996 5441
3.00118 5781
3.19333 6121
3.1949 6461
3.19648 6801
3.38705 7141
3.38863 7481
3.5792 7821
3.58078 8161
3.77135 8501
3.77293 8841
3.77451 9181
3.9635 9521
3.96508 9861
3.96666 10201
3.96823 10541
4.15723 10881
4.15881 11221
4.16038 11561
4.16196 11901
4.35096 12241
4.35253 12581
4.35411 12921
4.35568 13261
4.35726 13601
4.54468 13941
4.54626 14281
4.54784 14621
4.54941 14961
4.73683 15301
4.73841 15641
4.73999 15981
4.74156 16321
4.74314 16661
4.92898 17001
4.93056 17341
4.93214 17681
4.93371 18021
4.93529 18361
4.93686 18701
5.12271 19041
5.12429 19381
5.12586 19721
5.12744 20061
5.12901 20401
5.13059 20741
5.13217 21081
5.31644 21421
5.31801 21761
5.31959 22101
5.32116 22441
5.32274 22781
5.32432 23121
5.50859 23461
5.51016 23801
5.51174 24141
5.51332 24481
5.51489 24821
5.51647 25161
5.70074 25501
5.70231 25841
5.70389 26181
5.70547 26521
5.70704 26861
5.70862 27201
5.71019 27541
5.89289 27881
5.89446 28221
5.89604 28561
5.89762 28901
5.90234 29241
5.90392 29581
5.9055 29921
5.90707 30261
6.08661 30601
6.08819 30941
6.08977 31281
6.09134 31621
6.09607 31961
6.09765 32301
6.09922 32641
6.1008 32981
6.28034 33321
6.28192 33661
6.28349 34001
6.28507 34341
6.28664 34681
6.2898 35021
6.29137 35361
6.29295 35701
6.29452 36041
6.47407 36381
6.47564 36721
6.47722 37061
6.4788 37401
6.48195 37741
6.48352 38081
6.4851 38421
6.48668 38761
6.8694 39101
6.8694 39441
6.8694 39781
6.8694 40121
6.8694 40461
6.8694 40801
6.8694 41141
6.8694 41481
6.8694 41821
6.8694 42161
6.8694 42501
6.8694 42841
7.0584 43181
7.05997 43521
7.06155 43861
7.25212 44201
7.2537 44541
7.25528 44881
7.44428 45221
7.44585 45561
7.44743 45901
7.449 46241
7.45058 46581
7.638 46921
7.63958 47261
7.64115 47601
7.64273 47941
7.83015 48281
7.83173 48621
7.8333 48961
7.83488 49301
7.83646 49641
8.0223 49981
8.02388 50321
8.02545 50661
8.02703 51001
8.02861 51341
8.03018 51681
8.21603 52021
8.2176 52361
8.21918 52701
8.22076 53041
8.22233 53381
8.22391 53721
8.22548 54061
8.40976 54401
8.41133 54741
8.41291 55081
8.41448 55421
8.41606 55761
8.41764 56101
8.60191 56441
8.60348 56781
8.60506 57121
8.60663 57461
8.60821 57801
8.60979 58141
8.79406 58481
8.79563 58821
8.79721 59161
8.79878 59501
8.80036 59841
8.80194 60181
8.80351 60521
8.98621 60861
8.98778 61201
8.98936 61541
8.99093 61881
8.99251 62221
8.99409 62561
8.99566 62901
8.99724 63241
9.17993 63581
9.37996 63921
9.37996 64261
9.37996 64601
9.37996 64941
9.37996 65281
9.37996 65621
9.37996 65961
9.37996 66301
9.37996 66641
9.37996 66981
9.37996 67321
9.56896 67661
9.57054 68001
9.57211 68341
9.76269 68681
9.76426 69021
9.76584 69361
9.95484 69701
9.95641 70041
9.95799 70381
9.95957 70721
10.1486 71061
10.1501 71401
10.1517 71741
10.1533 72081
10.1549 72421
10.3423 72761
10.3439 73101
10.3454 73441
10.347 73781
10.5344 74121
10.536 74461
10.5376 74801
10.5392 75141
10.7266 75481
10.7282 75821
10.7297 76161
10.7313 76501
10.7329 76841
10.9187 77181
10.9203 77521
10.9219 77861
10.9235 78201
10.925 78541
10.9266 78881
11.1125 79221
11.114 79561
11.1156 79901
11.1172 80241
11.1188 80581
11.1203 80921
11.5015 81261
11.5015 81601
11.5015 81941
11.5015 82281
11.5015 82621
11.5015 82961
11.5015 83301
11.5015 83641
11.5015 83981
11.6905 84321
11.6921 84661
11.6936 85001
11.8842 85341
11.8858 85681
12.0764 86021
12.0779 86361
12.2685 86701
12.2701 87041
12.4607 87381
12.4622 87721
12.4638 88061
12.656 88401
12.6576 88741
12.6591 89081
12.6607 89421
12.8497 89761
12.8513 90101
12.8529 90441
12.8544 90781
13.0434 91121
13.045 91461
13.0466 91801
13.0482 92141
13.0497 92481
13.2372 92821
13.2387 93161
13.2403 93501
13.2419 93841
13.4293 94181
13.4309 94521
13.4325 94861
13.434 95201
13.6215 95541
13.623 95881
13.6246 96221
13.6262 96561
13.6278 96901
13.8136 97241
13.8152 97581
13.8168 97921
13.8183 98261
13.8199 98601
14.2042 98941
14.2042 99281
14.2042 99621
14.2042 99961
14.2042 100301
14.2042 100641
14.2042 100981
14.2042 101321
14.3964 101661
14.3979 102001
14.5901 102341
15.9822 102681
15.9822 103021
18.1744 103361
18.5665 103701
18.5681 104041
18.7603 104381
18.7618 104721
18.954 105061
18.9556 105401
19.1477 105741
19.1493 106081
19.1509 106421
19.3414 106761
19.343 107101
19.5336 107441
19.5352 107781
19.7257 108121
19.7273 108461
19.7289 108801
19.9179 109141
19.9195 109481
19.921 109821
19.9226 110161
20.1116 110501
20.1132 110841
20.1148 111181
20.1164 111521
20.3053 111861
20.3069 112201
20.3085 112541
20.3101 112881
20.3117 113221
20.4991 113561
20.5007 113901
20.5022 114241
20.5038 114581
20.6912 114921
20.6928 115261
21.0803 115601
21.0803 115941
21.0803 116281
21.0803 116621
21.2724 116961
21.2724 117301
21.2724 117641
21.4646 117981
21.8567 118321
22.2489 118661
22.2504 119001
22.4426 119341
22.4442 119681
22.4457 120021
22.6363 120361
22.6379 120701
22.8285 121041
22.83 121381
23.4081 121721
23.4081 122061
23.4081 122401
23.4081 122741
23.4081 123081
23.4081 123421
23.6002 123761
23.9924 124101
23.9939 124441
24.1861 124781
24.1877 125121
24.3798 125461
25.772 125801
25.772 126141
25.772 126481
25.772 126821
25.772 127161
25.772 127501
25.772 127841
25.772 128181
25.772 128521
25.9641 128861
26.3563 129201
26.3578 129541
26.55 129881
26.5516 130221
26.7437 130561
26.7453 130901
27.3233 131241
27.3233 131581
27.3233 131921
27.3233 132261
27.3233 132601
27.3249 132941
27.5155 133281
27.7076 133621
27.7092 133961
27.9014 134301
27.9029 134641
28.0951 134981
28.0967 135321
28.0982 135661
28.2888 136001
28.8653 136341
28.8653 136681
28.8653 137021
28.8653 137361
28.8653 137701
28.8668 138041
29.0574 138381
29.2496 138721
30.2182 139061
30.2182 139401
30.2182 139741
30.2182 140081
30.2197 140421
30.4103 140761
30.6025 141101
30.604 141441
30.7962 141781
30.7978 142121
31.3758 142461
31.3758 142801
31.3758 143141
31.3758 143481
31.3758 143821
31.3774 144161
31.5679 144501
31.7601 144841
31.7617 145181
31.9538 145521
31.9554 145861
32.1475 146201
32.1491 146541
32.1507 146881
32.3413 147221
32.3428 147561
32.5334 147901
32.535 148241
32.7256 148581
32.7271 148921
32.7287 149261
32.9177 149601
32.9193 149941
34.1114 150281
34.1114 150621
34.1114 150961
34.1114 151301
34.1114 151641
34.1114 151981
34.1114 152321
34.1114 152661
34.1114 153001
34.1114 153341
34.3036 153681
34.6957 154021
36.0879 154361
36.0879 154701
36.0879 155041
36.28 155381
36.2816 155721
36.4738 156061
36.4753 156401
36.6675 156741
36.6691 157081
37.2455 157421
37.2455 157761
37.2455 158101
37.2455 158441
37.2455 158781
37.2471 159121
37.4377 159461
37.6298 159801
37.6314 160141
37.8236 160481
37.8251 160821
38.0173 161161
38.0189 161501
38.0204 161841
38.211 162181
38.2126 162521
38.4032 162861
38.4047 163201
38.5953 163541
38.5969 163881
38.5985 164221
38.7875 164561
38.789 164901
38.7906 165241
38.7922 165581
38.9812 165921
38.9828 166261
39.1749 166601
39.1765 166941
39.1781 167281
39.1796 167621
39.3686 167961
39.3702 168301
39.3718 168641
39.3734 168981
39.3749 169321
39.5624 169661
39.5639 170001
39.5655 170341
39.5671 170681
39.7577 171021
39.7592 171361
39.7608 171701
39.7624 172041
39.9498 172381
39.9514 172721
39.953 173061
39.9545 173401
39.9561 173741
40.142 174081
40.1435 174421
40.1451 174761
40.1467 175101
40.1483 175441
40.1498 175781
40.3357 176121
40.3373 176461
40.3388 176801
40.3404 177141
40.342 177481
40.3436 177821
40.3451 178161
40.5294 178501
40.531 178841
40.5326 179181
40.5341 179521
40.5357 179861
40.5373 180201
40.7216 180541
40.7231 180881
40.7247 181221
40.7263 181561
40.7279 181901
40.7294 182241
40.9137 182581
40.9153 182921
40.9169 183261
40.9184 183601
40.92 183941
40.9216 184281
40.9232 184621
41.1059 184961
41.1074 185301
41.109 185641
41.1106 185981
41.1122 186321
41.1137 186661
41.1153 187001
41.1169 187341
41.2996 187681
41.3012 188021
41.3027 188361
41.3043 188701
41.3059 189041
41.3075 189381
41.3091 189721
41.3106 190061
41.3122 190401
41.4933 190741
41.4949 191081
41.4965 191421
41.4981 191761
41.4996 192101
41.5012 192441
41.5028 192781
41.5044 193121
41.6855 193461
41.687 193801
41.6918 194141
41.6934 194481
41.6949 194821
41.6965 195161
41.6981 195501
41.6997 195841
41.8776 196181
41.8792 196521
41.8808 196861
41.8839 197201
41.8855 197541
41.8871 197881
41.8887 198221
41.8902 198561
41.8918 198901
42.0698 199241
42.0713 199581
42.0729 199921
42.0745 200261
42.2745 200601
42.2745 200941
42.2745 201281
42.2745 201621
42.2745 201961
42.4667 202301
42.4667 202641
42.4667 202981
42.4667 203321
42.4667 203661
42.4667 204001
42.4667 204341
42.4667 204681
42.4667 205021
42.4683 205361
42.6557 205701
42.6573 206041
42.6588 206381
42.8478 206721
42.8494 207061
42.851 207401
42.8526 207741
42.8541 208081
43.0416 208421
43.0431 208761
43.0447 209101
43.0463 209441
43.2337 209781
43.2353 210121
43.2369 210461
43.2384 210801
43.24 211141
43.4259 211481
43.4274 211821
43.429 212161
43.4306 212501
43.4322 212841
43.4337 213181
43.6196 213521
43.6212 213861
43.6227 214201
43.6243 214541
43.6259 214881
43.6275 215221
43.629 215561
43.8133 215901
43.8149 216241
43.8165 216581
43.818 216921
43.8196 217261
43.8212 217601
44.0055 217941
44.007 218281
44.0086 218621
44.0102 218961
44.0118 219301
44.0133 219641
44.1976 219981
44.1992 220321
44.2008 220661
44.2023 221001
44.2039 221341
44.2055 221681
44.2071 222021
44.3898 222361
44.3913 222701
44.3929 223041
44.3945 223381
44.3961 223721
44.3976 224061
44.3992 224401
44.4008 224741
44.5835 225081
44.5851 225421
44.5866 225761
44.5882 226101
44.5898 226441
44.5914 226781
44.5929 227121
44.5945 227461
44.5961 227801
44.7772 228141
44.7788 228481
44.7804 228821
44.7819 229161
44.7835 229501
44.7851 229841
44.7867 230181
44.7882 230521
44.9694 230861
44.9709 231201
44.9725 231541
44.9741 231881
44.9757 232221
44.9772 232561
44.9788 232901
44.9804 233241
45.36 233581
45.36 233921
45.36 234261
45.36 234601
45.36 234941
45.36 235281
45.36 235621
45.5521 235961
45.5521 236301
45.5521 236641
45.5521 236981
45.5521 237321
45.5521 237661
45.5537 238001
45.7427 238341
45.7443 238681
45.9348 239021
45.9364 239361
45.938 239701
46.127 240041
46.1286 240381
46.1301 240721
46.1317 241061
46.1333 241401
46.3207 241741
46.3223 242081
46.3239 242421
46.3255 242761
46.5129 243101
46.5144 243441
46.516 243781
46.5176 244121
46.5192 244461
46.705 244801
46.7066 245141
46.7082 245481
46.7098 245821
46.7113 246161
46.7129 246501
46.8987 246841
46.9003 247181
46.9019 247521
46.9035 247861
46.9051 248201
46.9066 248541
46.9082 248881
47.0925 249221
47.0941 249561
47.0956 249901
47.0972 250241
47.0988 250581
47.1004 250921
47.2846 251261
47.2862 251601
47.2878 251941
47.2894 252281
47.2909 252621
47.2925 252961
47.4768 253301
47.4784 253641
47.4799 253981
47.4815 254321
47.4831 254661
47.4847 255001
47.4862 255341
47.6689 255681
47.6705 256021
47.6721 256361
47.6737 256701
47.6752 257041
47.6768 257381
47.6784 257721
47.68 258061
47.8627 258401
47.8642 258741
47.8658 259081
47.8674 259421
47.869 259761
47.8705 260101
47.8721 260441
47.8737 260781
47.8753 261121
48.0564 261461
48.058 261801
48.0595 262141
48.0611 262481
48.0627 262821
48.0643 263161
48.0658 263501
48.0674 263841
48.2485 264181
48.2501 264521
48.2517 264861
48.2533 265201
48.2548 265541
48.2564 265881
48.258 266221
48.2596 266561
48.4407 266901
48.4423 267241
48.647 267581
48.647 267921
48.8392 268261
48.8392 268601
48.8392 268941
48.8392 269281
48.8392 269621
48.8392 269961
48.8392 270301
48.8392 270641
48.8392 270981
48.8392 271321
48.8407 271661
49.0313 272001
49.2235 272341
49.225 272681
49.2266 273021
49.4172 273361
49.4188 273701
49.4203 274041
49.6093 274381
49.6109 274721
49.6125 275061
49.6141 275401
49.6156 275741
49.8031 276081
49.8046 276421
49.8062 276761
49.8078 277101
49.9952 277441
49.9968 277781
49.9984 278121
49.9999 278461
50.0015 278801
50.1874 279141
50.1889 279481
50.1905 279821
50.1921 280161
50.1937 280501
50.1953 280841
50.3811 281181
50.3827 281521
50.3842 281861
50.3858 282201
50.3874 282541
50.389 282881
50.3906 283221
50.5748 283561
50.7733 283901
50.7733 284241
50.7733 284581
50.7733 284921
50.7733 285261
50.7733 285601
50.7733 285941
50.7733 286281
50.7733 286621
50.9623 286961
50.9639 287301
50.9654 287641
51.156 287981
51.1576 288321
51.3482 288661
51.3497 289001
51.5403 289341
51.5419 289681
51.7325 290021
51.734 290361
51.7356 290701
51.9246 291041
51.9262 291381
51.9278 291721
51.9293 292061
52.1183 292401
52.1199 292741
52.1215 293081
52.1231 293421
52.1246 293761
52.3121 294101
52.3136 294441
52.3152 294781
52.3168 295121
52.5042 295461
52.5058 295801
52.5074 296141
52.5089 296481
52.6964 296821
52.6979 297161
52.6995 297501
52.7011 297841
52.7027 298181
52.8885 298521
52.8901 298861
52.8917 299201
52.8932 299541
52.8948 299881
52.8964 300221
53.0822 300561
53.0838 300901
53.0854 301241
53.087 301581
53.0885 301921
53.0901 302261
53.0917 302601
53.276 302941
53.2775 303281
53.2791 303621
53.2807 303961
53.2823 304301
53.2838 304641
53.4681 304981
53.4697 305321
53.4744 305661
53.476 306001
53.4776 306341
53.4791 306681
53.6603 307021
53.6618 307361
53.6666 307701
53.6681 308041
53.6697 308381
53.6713 308721
53.6729 309061
53.8524 309401
53.854 309741
53.8587 310081
53.8603 310421
53.8619 310761
53.8634 311101
53.865 311441
53.8666 311781
54.0461 312121
54.0477 312461
54.0524 312801
54.054 313141
54.0556 313481
54.432 313821
54.432 314161
54.432 314501
54.432 314841
54.432 315181
54.432 315521
54.432 315861
54.432 316201
54.432 316541
54.432 316881
54.432 317221
54.4446 317561
54.4462 317901
54.6242 318241
54.6383 318581
54.6399 318921
54.6415 319261
54.8305 319601
54.8321 319941
54.8337 320281
54.8352 320621
55.0274 320961
55.029 321301
55.0305 321641
55.0321 321981
55.2211 322321
55.2227 322661
55.2243 323001
55.6117 323341
55.6117 323681
55.6117 324021
55.6117 324361
55.6117 324701
55.6117 325041
55.6117 325381
55.8039 325721
56.196 326061
56.1976 326401
56.3897 326741
56.3913 327081
56.5835 327421
56.585 327761
56.7772 328101
56.7788 328441
56.7803 328781
56.9709 329121
56.9725 329461
57.3646 329801
57.3662 330141
57.3678 330481
57.5584 330821
57.5599 331161
57.5615 331501
57.7505 331841
57.7521 332181
57.7537 332521
57.7552 332861
57.9442 333201
57.9458 333541
57.9474 333881
57.949 334221
58.138 334561
58.1395 334901
58.1411 335241
58.1427 335581
58.1443 335921
58.3317 336261
58.3333 336601
58.3349 336941
58.3364 337281
58.9129 337621
58.9129 337961
59.105 338301
59.105 338641
59.2972 338981
59.2972 339321
59.2972 339661
59.2972 340001
59.4893 340341
62.6815 340681
63.0736 341021
63.0752 341361
63.2674 341701
63.2689 342041
63.4611 342381
63.4627 342721
63.6548 343061
63.6564 343401
63.658 343741
63.8485 344081
63.8501 344421
64.0407 344761
64.0423 345101
64.2328 345441
64.2344 345781
64.236 346121
64.4281 346461
64.4297 346801
64.4313 347141
64.4329 347481
64.6219 347821
64.6234 348161
64.625 348501
64.6266 348841
64.8156 349181
64.8172 349521
64.8187 349861
64.8203 350201
64.8219 350541
65.0093 350881
65.0109 351221
65.0125 351561
65.014 351901
65.2015 352241
65.203 352581
65.2046 352921
65.2062 353261
65.3936 353601
65.3952 353941
65.3968 354281
65.3983 354621
65.3999 354961
65.5858 355301
65.5873 355641
65.5889 355981
65.5905 356321
65.5921 356661
65.5936 357001
65.7795 357341
65.7811 357681
65.7826 358021
65.7842 358361
65.7858 358701
65.7874 359041
65.789 359381
65.9732 359721
65.9748 360061
65.9764 360401
65.9779 360741
65.9795 361081
65.9811 361421
66.1654 361761
66.1669 362101
66.1685 362441
66.1701 362781
66.1717 363121
66.1733 363461
66.3575 363801
66.3591 364141
66.3607 364481
66.3623 364821
66.3638 365161
66.3654 365501
66.367 365841
66.5497 366181
66.5512 366521
66.5528 366861
66.5544 367201
66.556 367541
66.5576 367881
66.5591 368221
66.5607 368561
66.7434 368901
66.745 369241
66.7466 369581
66.7481 369921
66.7497 370261
66.7513 370601
66.7529 370941
66.7544 371281
66.756 371621
66.9371 371961
67.1356 372301
67.1356 372641
67.1356 372981
67.1356 373321
67.1356 373661
67.1356 374001
67.1356 374341
67.1356 374681
67.1356 375021
67.1356 375361
67.1356 375701
67.323 376041
67.3246 376381
67.3262 376721
67.3277 377061
67.5167 377401
67.5183 377741
67.5199 378081
67.5215 378421
67.7105 378761
67.712 379101
67.7136 379441
67.7152 379781
67.9042 380121
67.9058 380461
67.9073 380801
67.9089 381141
67.9105 381481
68.0979 381821
68.0995 382161
68.1011 382501
68.1026 382841
68.2901 383181
68.2916 383521
68.2932 383861
68.2948 384201
68.2964 384541
68.4822 384881
68.4838 385221
68.4854 385561
68.4869 385901
68.4885 386241
68.4901 386581
68.6759 386921
68.6775 387261
68.6791 387601
68.6807 387941
68.6822 388281
68.6838 388621
68.8697 388961
68.8712 389301
68.8728 389641
68.8744 389981
68.876 390321
68.8775 390661
68.8791 391001
69.0665 391341
69.0681 391681
69.0697 392021
69.0713 392361
69.0728 392701
69.0744 393041
69.2587 393381
69.2603 393721
69.2618 394061
69.2634 394401
69.265 394741
69.2666 395081
69.2681 395421
69.4508 395761
69.4524 396101
69.454 396441
69.4556 396781
69.4571 397121
69.4587 397461
69.4603 397801
69.4619 398141
69.6446 398481
69.6461 398821
69.6477 399161
69.6493 399501
69.654 399841
69.6556 400181
69.6572 400521
69.6588 400861
69.8383 401201
69.8399 401541
69.8414 401881
70.0431 402221
70.0431 402561
70.0431 402901
70.0431 403241
70.0431 403581
70.0431 403921
70.0431 404261
70.0431 404601
70.0431 404941
70.0431 405281
70.0431 405621
70.2321 405961
70.2336 406301
70.2352 406641
70.4258 406981
70.4274 407321
70.4289 407661
70.6179 408001
70.6195 408341
70.6211 408681
70.6227 409021
70.8117 409361
70.8132 409701
70.8148 410041
70.8164 410381
70.818 410721
71.0054 411061
71.3897 411401
71.3897 411741
71.3897 412081
71.3897 412421
71.3897 412761
71.3897 413101
71.3897 413441
71.5818 413781
71.974 414121
71.9756 414461
72.1677 414801
72.1693 415141
72.3614 415481
72.363 415821
72.5552 416161
72.5567 416501
72.5583 416841
73.5191 417181
73.5191 417521
73.5191 417861
73.5191 418201
73.5191 418541
73.7112 418881
74.1034 419221
74.1049 419561
74.2971 419901
74.2987 420241
74.4908 420581
74.4924 420921
74.6845 421261
74.6861 421601
74.6877 421941
74.8783 422281
74.8798 422621
75.0704 422961
75.072 423301
75.2626 423641
75.2641 423981
75.2657 424321
75.4547 424661
75.4563 425001
75.4579 425341
75.4595 425681
75.6484 426021
75.65 426361
75.6516 426701
75.6532 427041
75.8422 427381
75.8438 427721
75.8453 428061
75.8469 428401
75.8485 428741
76.0359 429081
76.0375 429421
76.0391 429761
76.0406 430101
76.2281 430441
76.2296 430781
76.2312 431121
76.2328 431461
76.2344 431801
76.4234 432141
76.4249 432481
76.4265 432821
76.4281 433161
76.4297 433501
76.4312 433841
76.6202 434181
76.6218 434521
76.6234 434861
76.625 435201
76.6265 435541
76.6281 435881
76.814 436221
76.8155 436561
76.8171 436901
76.8187 437241
76.8203 437581
76.8218 437921
76.8234 438261
77.0077 438601
77.0093 438941
77.0108 439281
77.0124 439621
77.014 439961
77.0156 440301
77.1998 440641
77.2014 440981
77.203 441321
77.2046 441661
77.2061 442001
77.2077 442341
77.392 442681
77.3936 443021
77.3951 443361
77.3967 443701
77.3983 444041
77.3999 444381
77.4014 444721
77.5841 445061
77.5857 445401
77.5873 445741
77.5889 446081
77.5904 446421
77.592 446761
77.5936 447101
77.5952 447441
77.7779 447781
77.7794 448121
77.781 448461
77.7826 448801
77.7842 449141
77.7857 449481
77.7873 449821
77.7889 450161
77.7905 450501
77.9716 450841
77.9732 451181
77.9747 451521
77.9763 451861
77.9779 452201
77.9795 452541
77.981 452881
77.9826 453221
78.1637 453561
78.1653 453901
78.1669 454241
78.1685 454581
78.17 454921
78.1716 455261
78.1732 455601
78.1748 455941
78.1763 456281
78.3559 456621
78.3575 456961
78.359 457301
78.3606 457641
78.3622 457981
78.3638 458321
78.3653 458661
78.3669 459001
78.3685 459341
78.3701 459681
78.5496 460021
78.5512 460361
78.5528 460701
78.5543 461041
78.5559 461381
78.5575 461721
78.5591 462061
78.5606 462401
78.5622 462741
78.5638 463081
78.9402 463421
78.9402 463761
78.9402 464101
78.9402 464441
78.9402 464781
78.9402 465121
78.9402 465461
78.9402 465801
78.9402 466141
78.9402 466481
78.9402 466821
78.9402 467161
79.1324 467501
79.1324 467841
79.1324 468181
79.1324 468521
79.1339 468861
79.1418 469201
79.1434 469541
79.3214 469881
79.3245 470221
79.334 470561
79.3356 470901
79.5135 471241
79.5151 471581
79.5261 471921
79.5277 472261
79.7057 472601
79.7072 472941
79.7183 473281
79.7199 473621
79.8978 473961
79.8994 474301
79.901 474641
79.9104 474981
79.912 475321
80.09 475661
80.0915 476001
80.0931 476341
80.0947 476681
80.1042 477021
80.1057 477361
80.2837 477701
80.2853 478041
80.2869 478381
80.2884 478721
80.29 479061
80.2979 479401
80.2995 479741
80.4774 480081
80.479 480421
80.4806 480761
80.4822 481101
80.49 481441
80.4916 481781
80.6696 482121
80.6712 482461
80.6727 482801
80.6743 483141
80.6822 483481
80.6838 483821
80.8617 484161
80.8633 484501
80.8649 484841
80.8665 485181
80.868 485521
80.8743 485861
80.8759 486201
81.0539 486541
81.0555 486881
81.057 487221
81.0586 487561
81.0602 487901
81.0618 488241
81.0681 488581
81.0696 488921
81.2476 489261
81.2492 489601
81.2508 489941
81.2523 490281
81.2539 490621
81.2555 490961
81.2571 491301
81.2618 491641
81.2634 491981
81.4413 492321
81.4429 492661
81.4445 493001
81.4461 493341
81.4476 493681
81.4492 494021
81.4539 494361
81.4555 494701
81.6335 495041
81.6351 495381
81.6366 495721
81.6382 496061
81.6398 496401
81.6414 496741
81.6461 497081
81.6477 497421
82.0225 497761
82.0225 498101
82.0225 498441
82.0225 498781
82.0225 499121
82.0225 499461
82.0225 499801
82.0225 500141
82.0225 500481
82.0225 500821
82.0225 501161
82.0225 501501
82.2115 501841
82.2147 502181
82.4068 502521
82.4084 502861
82.41 503201
82.6005 503541
82.6021 503881
82.6037 504221
82.7927 504561
82.7943 504901
82.7958 505241
82.7974 505581
82.799 505921
82.9864 506261
83.3707 506601
83.3707 506941
83.3707 507281
83.3707 507621
83.3707 507961
83.3707 508301
83.3707 508641
83.3754 508981
83.5629 509321
83.755 509661
83.7566 510001
83.9487 510341
83.9503 510681
84.1425 511021
84.144 511361
84.1456 511701
85.1064 512041
85.1064 512381
85.1064 512721
85.1064 513061
85.1064 513401
85.2985 513741
85.6907 514081
85.6922 514421
85.8844 514761
85.886 515101
86.0781 515441
86.0797 515781
86.2719 516121
86.2734 516461
86.275 516801
86.4656 517141
86.4672 517481
86.6577 517821
86.6593 518161
86.8499 518501
86.8515 518841
86.853 519181
87.042 519521
87.0436 519861
87.0452 520201
87.0468 520541
87.2358 520881
87.2373 521221
87.2389 521561
87.2405 521901
87.4295 522241
87.4311 522581
87.4326 522921
87.4342 523261
87.4358 523601
87.6232 523941
87.6248 524281
87.6264 524621
87.6279 524961
87.8154 525301
87.8169 525641
87.8185 525981
87.8201 526321
87.8217 526661
88.0075 527001
88.0091 527341
88.0107 527681
88.395 528021
88.395 528361
88.395 528701
88.395 529041
88.395 529381
88.395 529721
88.395 530061
88.395 530401
88.5871 530741
88.9793 531081
88.9808 531421
89.173 531761
89.1746 532101
89.1761 532441
89.3667 532781
89.3683 533121
89.5589 533461
89.5604 533801
89.751 534141
90.1369 534481
90.1369 534821
90.1369 535161
90.1369 535501
90.1369 535841
90.1369 536181
90.3275 536521
90.329 536861
90.5212 537201
90.5228 537541
90.7149 537881
90.7165 538221
90.9086 538561
90.9102 538901
90.9118 539241
91.1024 539581
91.1039 539921
91.2945 540261
91.2961 540601
91.4867 540941
91.4882 541281
91.4898 541621
91.6788 541961
91.6804 542301
91.682 542641
91.6836 542981
91.8725 543321
91.8741 543661
91.8757 544001
91.8773 544341
92.0663 544681
92.0679 545021
92.0694 545361
92.071 545701
92.0726 546041
92.26 546381
92.2616 546721
92.2632 547061
92.6475 547401
92.6475 547741
92.6475 548081
92.6475 548421
92.6475 548761
92.6475 549101
92.6475 549441
92.6475 549781
92.838 550121
92.8396 550461
93.0318 550801
93.0333 551141
93.0349 551481
93.2255 551821
93.2271 552161
93.4176 552501
93.4192 552841
93.8114 553181
93.8129 553521
93.8145 553861
93.8161 554201
94.202 554541
94.202 554881
94.202 555221
94.202 555561
94.202 555901
94.202 556241
94.3925 556581
94.3941 556921
94.5863 557261
94.5878 557601
94.78 557941
94.7816 558281
94.9737 558621
94.9753 558961
94.9769 559301
95.1674 559641
95.169 559981
95.3596 560321
95.747 560661
95.747 561001
95.747 561341
95.747 561681
95.747 562021
95.747 562361
95.9376 562701
95.9392 563041
96.1313 563381
96.1329 563721
96.3251 564061
96.3267 564401
96.5188 564741
96.5204 565081
96.522 565421
96.7125 565761
96.7141 566101
96.9047 566441
96.9063 566781
97.0968 567121
97.0984 567461
97.1 567801
97.289 568141
97.678 568481
97.678 568821
97.678 569161
97.678 569501
97.678 569841
97.678 570181
97.8702 570521
98.2623 570861
98.2639 571201
98.456 571541
98.4576 571881
98.6498 572221
98.6513 572561
98.8435 572901
98.8451 573241
98.8466 573581
99.0372 573921
99.0388 574261
99.2294 574601
99.2309 574941
99.4215 575281
99.4231 575621
99.4247 575961
99.6137 576301
99.6152 576641
99.6168 576981
99.6184 577321
99.8074 577661
99.809 578001
99.8105 578341
99.8121 578681
100.001 579021
100.003 579361
100.004 579701
100.006 580041
100.007 580381
100.195 580721
100.196 581061
100.198 581401
100.2 581741
100.387 582081
100.389 582421
100.39 582761
100.392 583101
100.393 583441
100.582 583781
100.584 584121
100.585 584461
100.587 584801
100.589 585141
100.59 585481
100.776 585821
100.778 586161
100.779 586501
100.781 586841
100.782 587181
100.784 587521
100.97 587861
100.971 588201
100.973 588541
100.974 588881
101.357 589221
101.357 589561
101.357 589901
101.357 590241
101.357 590581
101.357 590921
101.357 591261
101.357 591601
101.357 591941
101.364 592281
101.549 592621
101.742 592961
101.743 593301
101.745 593641
102.705 593981
102.705 594321
102.705 594661
102.705 595001
102.705 595341
102.898 595681
103.29 596021
103.291 596361
103.483 596701
103.485 597041
103.677 597381
103.679 597721
103.871 598061
103.872 598401
103.874 598741
104.065 599081
104.066 599421
104.257 599761
104.258 600101
104.449 600441
104.45 600781
104.452 601121
104.641 601461
104.643 601801
105.029 602141
105.029 602481
105.029 602821
105.029 603161
105.029 603501
105.029 603841
105.219 604181
105.221 604521
105.413 604861
105.414 605201
105.607 605541
105.608 605881
105.8 606221
105.802 606561
105.803 606901
105.994 607241
105.996 607581
106.186 607921
106.188 608261
106.378 608601
106.38 608941
106.381 609281
106.57 609621
106.572 609961
106.574 610301
106.575 610641
106.764 610981
106.766 611321
107.152 611661
107.152 612001
107.152 612341
107.152 612681
107.152 613021
107.152 613361
107.152 613701
107.342 614041
107.344 614381
107.536 614721
107.538 615061
107.73 615401
107.731 615741
107.923 616081
107.925 616421
107.927 616761
108.117 617101
108.119 617441
108.309 617781
108.311 618121
108.501 618461
108.503 618801
108.505 619141
108.694 619481
108.695 619821
108.697 620161
108.698 620501
108.887 620841
108.889 621181
108.89 621521
108.892 621861
109.081 622201
109.083 622541
109.084 622881
109.086 623221
109.087 623561
109.275 623901
109.276 624241
109.278 624581
109.279 624921
109.467 625261
109.468 625601
109.47 625941
109.472 626281
109.473 626621
109.659 626961
110.048 627301
110.048 627641
110.048 627981
110.048 628321
110.048 628661
110.048 629001
110.048 629341
110.048 629681
110.24 630021
111.21 630361
111.21 630701
111.21 631041
111.21 631381
111.212 631721
111.403 632061
111.595 632401
111.596 632741
111.788 633081
111.79 633421
111.982 633761
111.984 634101
111.985 634441
112.176 634781
112.177 635121
112.368 635461
112.37 635801
112.56 636141
112.562 636481
112.563 636821
112.752 637161
112.754 637501
112.755 637841
112.757 638181
112.946 638521
112.948 638861
112.949 639201
112.951 639541
113.14 639881
113.141 640221
113.143 640561
113.145 640901
113.146 641241
113.334 641581
113.335 641921
113.337 642261
113.338 642601
113.526 642941
113.527 643281
113.529 643621
113.53 643961
113.532 644301
113.718 644641
113.719 644981
113.721 645321
113.723 645661
113.724 646001
113.726 646341
113.912 646681
113.913 647021
113.915 647361
113.916 647701
113.918 648041
113.919 648381
113.921 648721
114.105 649061
114.107 649401
114.108 649741
114.11 650081
114.112 650421
114.113 650761
114.297 651101
114.299 651441
114.301 651781
114.302 652121
114.304 652461
114.305 652801
114.49 653141
114.491 653481
114.493 653821
114.494 654161
114.496 654501
114.497 654841
114.499 655181
114.682 655521
114.683 655861
114.685 656201
114.686 656541
114.885 656881
114.885 657221
114.885 657561
114.885 657901
114.885 658241
114.885 658581
115.077 658921
115.077 659261
115.077 659601
115.077 659941
115.077 660281
115.079 660621
115.268 660961
115.46 661301
115.852 661641
115.853 661981
116.046 662321
116.047 662661
116.049 663001
116.239 663341
116.241 663681
116.243 664021
116.432 664361
116.433 664701
116.435 665041
116.436 665381
116.625 665721
116.627 666061
116.628 666401
116.63 666741
116.632 667081
116.819 667421
116.821 667761
116.822 668101
116.824 668441
117.011 668781
117.013 669121
117.014 669461
117.016 669801
117.203 670141
117.205 670481
117.206 670821
117.395 671161
117.397 671501
117.595 671841
117.595 672181
117.595 672521
117.595 672861
117.595 673201
117.595 673541
117.595 673881
117.595 674221
117.786 674561
117.788 674901
117.98 675241
117.981 675581
117.983 675921
118.173 676261
118.175 676601
118.567 676941
118.569 677281
118.57 677621
118.761 677961
118.763 678301
118.764 678641
118.953 678981
118.955 679321
118.956 679661
118.958 680001
119.147 680341
119.534 680681
119.534 681021
119.534 681361
119.534 681701
119.534 682041
119.534 682381
119.534 682721
119.726 683061
120.919 683401
121.311 683741
121.312 684081
121.504 684421
121.506 684761
121.698 685101
121.7 685441
121.892 685781
121.893 686121
121.895 686461
122.086 686801
122.087 687141
122.278 687481
122.279 687821
122.47 688161
122.471 688501
122.473 688841
122.665 689181
122.667 689521
122.668 689861
122.67 690201
122.859 690541
122.861 690881
122.862 691221
122.864 691561
123.053 691901
123.054 692241
123.056 692581
123.057 692921
123.059 693261
123.246 693601
123.248 693941
123.25 694281
123.634 694621
123.634 694961
123.634 695301
123.634 695641
123.634 695981
123.634 696321
123.634 696661
123.824 697001
123.826 697341
124.018 697681
124.02 698021
124.212 698361
124.213 698701
124.406 699041
124.407 699381
124.409 699721
124.599 700061
124.601 700401
124.993 700741
124.995 701081
124.996 701421
125.187 701761
125.188 702101
125.19 702441
125.382 702781
125.384 703121
125.385 703461
125.387 703801
125.576 704141
125.577 704481
125.579 704821
125.581 705161
125.77 705501
125.771 705841
125.773 706181
125.774 706521
125.776 706861
125.963 707201
125.965 707541
125.966 707881
125.968 708221
126.155 708561
126.157 708901
126.159 709241
126.16 709581
126.546 709921
126.546 710261
126.546 710601
126.546 710941
126.546 711281
126.546 711621
126.546 711961
126.546 712301
126.738 712641
127.13 712981
127.132 713321
127.324 713661
127.326 714001
127.327 714341
127.518 714681
127.519 715021
127.71 715361
127.712 715701
128.29 716041
128.29 716381
128.29 716721
128.29 717061
128.29 717401
128.29 717741
128.482 718081
128.874 718421
128.875 718761
129.068 719101
129.069 719441
129.261 719781
129.263 720121
129.455 720461
129.457 720801
129.458 721141
129.649 721481
129.65 721821
129.841 722161
129.842 722501
130.033 722841
130.035 723181
130.036 723521
130.225 723861
130.227 724201
130.228 724541
130.23 724881
130.422 725221
130.424 725561
130.425 725901
130.427 726241
130.616 726581
130.617 726921
130.619 727261
130.621 727601
130.622 727941
130.81 728281
130.811 728621
131.002 728961
131.003 729301
131.005 729641
131.006 729981
131.194 730321
131.578 730661
131.578 731001
131.578 731341
131.578 731681
131.578 732021
131.578 732361
131.578 732701
131.578 733041
131.584 733381
131.77 733721
131.962 734061
131.964 734401
132.733 734741
132.733 735081
132.733 735421
132.733 735761
132.733 736101
132.925 736441
133.317 736781
133.318 737121
133.511 737461
133.512 737801
133.704 738141
133.706 738481
133.898 738821
133.9 739161
133.901 739501
134.092 739841
134.093 740181
134.284 740521
134.286 740861
134.476 741201
134.478 741541
134.479 741881
134.668 742221
134.67 742561
134.671 742901
134.673 743241
134.862 743581
134.864 743921
134.865 744261
135.44 744601
135.44 744941
135.44 745281
135.44 745621
135.44 745961
135.44 746301
135.44 746641
135.632 746981
136.024 747321
136.026 747661
136.796 748001
136.796 748341
136.796 748681
136.796 749021
136.798 749361
136.988 749701
137.18 750041
137.182 750381
137.374 750721
137.376 751061
137.568 751401
137.569 751741
137.571 752081
137.762 752421
137.763 752761
137.954 753101
137.955 753441
138.146 753781
138.147 754121
138.149 754461
138.338 754801
138.34 755141
138.341 755481
138.343 755821
138.532 756161
138.533 756501
138.535 756841
138.536 757181
138.725 757521
138.727 757861
138.729 758201
138.73 758541
138.732 758881
139.305 759221
139.305 759561
139.305 759901
139.305 760241
139.305 760581
139.305 760921
139.305 761261
139.497 761601
139.889 761941
139.891 762281
140.083 762621
140.085 762961
140.277 763301
140.278 763641
140.471 763981
140.472 764321
140.474 764661
140.664 765001
141.241 765341
141.241 765681
141.241 766021
141.241 766361
141.241 766701
141.242 767041
141.433 767381
141.625 767721
141.627 768061
141.819 768401
141.82 768741
142.012 769081
142.014 769421
142.016 769761
142.206 770101
142.208 770441
142.398 770781
142.4 771121
142.59 771461
142.592 771801
143.169 772141
143.169 772481
143.169 772821
143.169 773161
143.169 773501
143.169 773841
144.167 774181
144.559 774521
144.561 774861
144.753 775201
144.754 775541
144.947 775881
144.948 776221
145.14 776561
145.142 776901
145.143 777241
145.334 777581
145.336 777921
145.526 778261
145.528 778601
145.718 778941
145.72 779281
145.721 779621
145.914 779961
145.915 780301
145.917 780641
145.918 780981
146.107 781321
146.109 781661
146.11 782001
146.112 782341
146.301 782681
146.889 783021
146.889 783361
146.889 783701
146.889 784041
146.889 784381
146.889 784721
146.889 785061
147.079 785401
147.081 785741
147.273 786081
147.274 786421
147.467 786761
147.468 787101
147.66 787441
147.662 787781
147.663 788121
147.854 788461
147.856 788801
148.046 789141
148.048 789481
148.238 789821
148.24 790161
148.241 790501
148.43 790841
148.432 791181
148.434 791521
148.435 791861
148.627 792201
148.629 792541
148.63 792881
148.632 793221
148.821 793561
148.823 793901
148.824 794241
148.826 794581
148.827 794921
149.015 795261
149.399 795601
149.399 795941
149.399 796281
149.399 796621
149.399 796961
149.399 797301
149.399 797641
149.404 797981
149.591 798321
149.783 798661
150.752 799001
150.752 799341
150.752 799681
150.752 800021
150.754 800361
150.944 800701
151.136 801041
151.138 801381
151.33 801721
151.332 802061
151.524 802401
151.525 802741
151.527 803081
151.717 803421
151.719 803761
151.91 804101
151.911 804441
152.102 804781
152.103 805121
152.105 805461
152.294 805801
152.295 806141
152.297 806481
152.299 806821
152.488 807161
152.489 807501
152.491 807841
152.492 808181
153.07 808521
153.263 808861
153.455 809201
153.455 809541
153.455 809881
153.455 810221
153.455 810561
153.456 810901
153.647 811241
154.417 811581
154.417 811921
154.417 812261
154.417 812601
154.419 812941
154.609 813281
154.801 813621
154.803 813961
154.995 814301
154.997 814641
155.189 814981
155.19 815321
155.192 815661
155.382 816001
155.384 816341
155.575 816681
155.576 817021
155.767 817361
155.768 817701
155.77 818041
155.959 818381
155.961 818721
155.962 819061
155.964 819401
156.153 819741
156.154 820081
156.156 820421
156.157 820761
156.346 821101
156.348 821441
156.35 821781
156.351 822121
156.353 822461
156.54 822801
156.542 823141
156.543 823481
156.545 823821
156.732 824161
156.734 824501
156.735 824841
156.737 825181
156.739 825521
156.924 825861
156.926 826201
156.928 826541
156.929 826881
156.931 827221
156.932 827561
157.118 827901
157.12 828241
157.318 828581
157.318 828921
157.318 829261
157.318 829601
157.318 829941
157.318 830281
157.318 830621
157.318 830961
157.318 831301
157.507 831641
157.509 831981
157.51 832321
157.701 832661
157.702 833001
157.893 833341
157.895 833681
158.085 834021
158.087 834361
158.277 834701
158.279 835041
158.281 835381
158.47 835721
158.471 836061
158.473 836401
158.474 836741
158.663 837081
158.665 837421
158.666 837761
158.668 838101
158.67 838441
158.857 838781
159.241 839121
159.241 839461
159.241 839801
159.241 840141
159.433 840481
159.433 840821
159.433 841161
159.626 841501
160.018 841841
160.019 842181
160.211 842521
160.213 842861
160.405 843201
160.407 843541
160.599 843881
160.6 844221
161.177 844561
161.177 844901
161.177 845241
161.177 845581
161.177 845921
161.178 846261
161.369 846601
161.561 846941
161.563 847281
161.755 847621
161.757 847961
161.949 848301
161.95 848641
161.952 848981
162.142 849321
162.144 849661
162.335 850001
162.336 850341
162.527 850681
162.528 851021
162.53 851361
162.719 851701
162.72 852041
162.722 852381
162.724 852721
162.913 853061
162.914 853401
162.916 853741
162.917 854081
163.106 854421
163.108 854761
163.109 855101
163.111 855441
163.113 855781
163.3 856121
163.302 856461
163.303 856801
163.305 857141
163.492 857481
163.494 857821
163.495 858161
163.497 858501
163.498 858841
163.684 859181
163.686 859521
163.687 859861
163.689 860201
163.691 860541
163.692 860881
163.878 861221
163.88 861561
163.881 861901
163.883 862241
163.884 862581
163.886 862921
163.888 863261
164.072 863601
164.073 863941
164.075 864281
164.077 864621
164.078 864961
164.08 865301
164.264 865641
164.266 865981
164.267 866321
164.269 866661
164.27 867001
164.272 867341
164.456 867681
164.655 868021
164.655 868361
164.655 868701
164.655 869041
164.655 869381
164.655 869721
164.655 870061
164.655 870401
164.655 870741
164.655 871081
164.844 871421
164.845 871761
164.847 872101
165.037 872441
165.039 872781
165.04 873121
165.229 873461
165.618 873801
165.618 874141
165.618 874481
165.618 874821
165.618 875161
165.618 875501
165.811 875841
166.203 876181
166.204 876521
166.396 876861
166.398 877201
166.59 877541
166.592 877881
167.782 878221
168.175 878561
168.176 878901
168.368 879241
168.37 879581
168.562 879921
168.564 880261
168.756 880601
168.757 880941
168.759 881281
168.949 881621
168.951 881961
169.142 882301
169.143 882641
169.334 882981
169.335 883321
169.337 883661
169.526 884001
169.527 884341
169.529 884681
169.531 885021
169.72 885361
169.721 885701
169.723 886041
169.724 886381
169.913 886721
169.915 887061
169.916 887401
169.918 887741
169.92 888081
170.107 888421
170.109 888761
170.11 889101
170.112 889441
170.299 889781
170.301 890121
170.302 890461
170.304 890801
170.305 891141
170.491 891481
170.493 891821
170.691 892161
170.691 892501
170.691 892841
170.691 893181
170.691 893521
170.691 893861
170.691 894201
170.691 894541
170.882 894881
170.884 895221
171.076 895561
171.077 895901
171.079 896241
171.269 896581
171.271 896921
171.462 897261
171.463 897601
171.654 897941
171.655 898281
171.657 898621
171.846 898961
171.847 899301
171.849 899641
171.851 899981
172.04 900321
172.041 900661
172.043 901001
172.044 901341
172.046 901681
172.233 902021
172.235 902361
172.236 902701
172.238 903041
172.425 903381
172.427 903721
172.429 904061
172.43 904401
172.618 904741
172.619 905081
172.621 905421
172.622 905761
172.624 906101
172.81 906441
172.811 906781
172.813 907121
172.814 907461
172.816 907801
172.818 908141
173.003 908481
173.005 908821
173.007 909161
173.008 909501
173.01 909841
173.011 910181
173.013 910521
173.197 910861
173.199 911201
173.2 911541
173.202 911881
173.204 912221
173.205 912561
173.389 912901
173.391 913241
173.393 913581
173.394 913921
173.396 914261
173.397 914601
173.582 914941
173.583 915281
173.585 915621
173.586 915961
173.588 916301
173.589 916641
173.591 916981
173.774 917321
173.775 917661
173.777 918001
173.778 918341
173.78 918681
173.782 919021
173.783 919361
173.785 919701
173.967 920041
173.969 920381
173.971 920721
173.972 921061
173.977 921401
173.978 921741
173.98 922081
173.982 922421
173.983 922761
174.161 923101
174.163 923441
174.366 923781
174.366 924121
174.366 924461
174.366 924801
174.366 925141
174.366 925481
174.366 925821
174.366 926161
174.366 926501
174.366 926841
174.366 927181
174.555 927521
174.556 927861
174.558 928201
174.749 928541
174.75 928881
174.752 929221
174.941 929561
174.942 929901
174.944 930241
174.945 930581
175.134 930921
175.522 931261
175.522 931601
175.522 931941
175.522 932281
175.522 932621
175.522 932961
175.522 933301
175.714 933641
176.106 933981
176.108 934321
176.3 934661
176.302 935001
176.494 935341
176.495 935681
176.687 936021
176.689 936361
176.691 936701
176.881 937041
176.883 937381
177.073 937721
177.075 938061
177.265 938401
177.267 938741
177.269 939081
177.458 939421
177.459 939761
177.461 940101
177.462 940441
177.651 940781
177.653 941121
177.654 941461
177.656 941801
177.845 942141
177.847 942481
177.848 942821
177.85 943161
177.851 943501
178.039 943841
178.04 944181
178.042 944521
178.043 944861
178.231 945201
178.232 945541
178.234 945881
178.236 946221
178.237 946561
178.426 946901
178.428 947241
178.429 947581
178.431 947921
178.433 948261
178.434 948601
178.62 948941
178.622 949281
178.623 949621
178.625 949961
178.626 950301
178.628 950641
178.814 950981
178.815 951321
178.817 951661
178.818 952001
178.82 952341
178.822 952681
178.823 953021
179.007 953361
179.009 953701
179.011 954041
179.012 954381
179.014 954721
179.015 955061
179.2 955401
179.201 955741
179.203 956081
179.204 956421
179.206 956761
179.207 957101
179.209 957441
179.392 957781
179.393 958121
179.395 958461
179.396 958801
179.398 959141
179.4 959481
179.401 959821
179.403 960161
179.585 960501
179.587 960841
179.787 961181
179.787 961521
179.787 961861
179.787 962201
179.787 962541
179.787 962881
179.787 963221
179.787 963561
179.787 963901
179.787 964241
179.787 964581
179.974 964921
179.976 965261
179.978 965601
179.979 965941
180.171 966281
180.173 966621
180.174 966961
180.176 967301
180.365 967641
180.367 967981
180.368 968321
180.37 968661
180.559 969001
180.56 969341
180.562 969681
180.564 970021
180.565 970361
180.753 970701
180.754 971041
180.756 971381
180.757 971721
180.945 972061
180.946 972401
181.332 972741
181.332 973081
181.332 973421
181.332 973761
181.332 974101
181.332 974441
181.332 974781
181.524 975121
181.916 975461
182.309 975801
183.085 976141
183.085 976481
183.085 976821
183.085 977161
183.085 977501
183.087 977841
183.277 978181
183.469 978521
183.471 978861
183.663 979201
183.665 979541
183.857 979881
183.858 980221
183.86 980561
184.05 980901
184.052 981241
184.243 981581
184.244 981921
184.435 982261
184.436 982601
184.438 982941
184.627 983281
184.629 983621
184.63 983961
184.632 984301
184.821 984641
184.822 984981
184.824 985321
184.825 985661
185.014 986001
185.016 986341
185.018 986681
185.019 987021
185.021 987361
185.208 987701
185.21 988041
185.211 988381
185.213 988721
185.4 989061
185.402 989401
185.403 989741
185.405 990081
185.407 990421
185.592 990761
185.594 991101
185.596 991441
185.597 991781
185.599 992121
185.6 992461
185.786 992801
185.788 993141
185.789 993481
185.791 993821
185.792 994161
185.794 994501
185.796 994841
185.98 995181
185.981 995521
185.983 995861
185.985 996201
185.986 996541
185.988 996881
186.172 997221
186.174 997561
186.175 997901
186.177 998241
186.178 998581
186.18 998921
186.364 999261
186.366 999601
186.367 999941
186.369 1000281
186.37 1000621
186.372 1000961
186.374 1001301
186.556 1001641
186.558 1001981
186.559 1002321
186.561 1002661
186.563 1003001
186.564 1003341
186.566 1003681
186.567 1004021
186.75 1004361
186.752 1004701
186.753 1005041
186.755 1005381
186.756 1005721
186.758 1006061
186.76 1006401
186.761 1006741
186.763 1007081
186.944 1007421
186.945 1007761
186.947 1008101
186.949 1008441
186.95 1008781
186.952 1009121
186.953 1009461
186.955 1009801
187.136 1010141
187.138 1010481
187.139 1010821
187.141 1011161
187.142 1011501
187.144 1011841
187.145 1012181
187.147 1012521
187.328 1012861
187.33 1013201
187.331 1013541
187.333 1013881
187.334 1014221
187.336 1014561
187.338 1014901
187.339 1015241
187.341 1015581
187.52 1015921
187.522 1016261
187.523 1016601
187.525 1016941
187.527 1017281
187.528 1017621
187.53 1017961
187.531 1018301
187.533 1018641
187.534 1018981
187.714 1019321
187.716 1019661
187.72 1020001
187.722 1020341
187.723 1020681
187.725 1021021
187.923 1021361
187.923 1021701
187.923 1022041
187.923 1022381
187.923 1022721
187.923 1023061
187.923 1023401
187.923 1023741
187.923 1024081
187.923 1024421
187.923 1024761
187.923 1025101
187.923 1025441
188.111 1025781
188.112 1026121
188.114 1026461
188.116 1026801
188.305 1027141
188.306 1027481
188.308 1027821
188.498 1028161
188.5 1028501
188.501 1028841
188.503 1029181
188.69 1029521
188.692 1029861
188.694 1030201
188.695 1030541
188.883 1030881
188.884 1031221
188.886 1031561
188.887 1031901
188.889 1032241
189.075 1032581
189.076 1032921
189.078 1033261
189.079 1033601
189.081 1033941
189.083 1034281
189.268 1034621
189.27 1034961
189.272 1035301
189.273 1035641
189.275 1035981
189.276 1036321
189.278 1036661
189.462 1037001
189.464 1037341
189.465 1037681
189.467 1038021
189.469 1038361
189.47 1038701
189.853 1039041
189.853 1039381
189.853 1039721
189.853 1040061
189.853 1040401
189.853 1040741
189.853 1041081
189.853 1041421
189.853 1041761
190.043 1042101
190.045 1042441
190.237 1042781
190.239 1043121
190.24 1043461
190.431 1043801
190.432 1044141
190.623 1044481
190.625 1044821
190.815 1045161
190.817 1045501
190.818 1045841
191.007 1046181
191.009 1046521
191.01 1046861
191.012 1047201
191.201 1047541
191.203 1047881
191.204 1048221
191.206 1048561
191.207 1048901
191.395 1049241
191.396 1049581
191.398 1049921
191.399 1050261
191.587 1050601
191.588 1050941
191.59 1051281
191.592 1051621
191.779 1051961
191.781 1052301
191.782 1052641
191.784 1052981
191.785 1053321
191.971 1053661
191.973 1054001
191.974 1054341
191.976 1054681
191.978 1055021
191.979 1055361
192.165 1055701
192.167 1056041
192.168 1056381
192.17 1056721
192.171 1057061
192.554 1057401
192.554 1057741
192.554 1058081
192.554 1058421
192.554 1058761
192.554 1059101
192.554 1059441
192.554 1059781
192.554 1060121
192.746 1060461
193.138 1060801
193.14 1061141
193.332 1061481
193.334 1061821
193.335 1062161
193.526 1062501
193.527 1062841
193.718 1063181
193.719 1063521
193.91 1063861
193.912 1064201
193.913 1064541
194.102 1064881
194.104 1065221
194.105 1065561
194.107 1065901
194.296 1066241
194.297 1066581
194.299 1066921
194.686 1067261
194.686 1067601
194.686 1067941
194.686 1068281
194.686 1068621
194.686 1068961
194.686 1069301
194.879 1069641
195.271 1069981
195.272 1070321
195.465 1070661
195.466 1071001
195.658 1071341
195.66 1071681
195.852 1072021
195.854 1072361
195.855 1072701
196.046 1073041
196.047 1073381
196.238 1073721
196.239 1074061
196.43 1074401
196.432 1074741
196.433 1075081
196.622 1075421
196.624 1075761
196.625 1076101
196.627 1076441
196.816 1076781
196.817 1077121
196.819 1077461
196.821 1077801
197.01 1078141
197.011 1078481
197.013 1078821
197.014 1079161
197.016 1079501
197.203 1079841
197.205 1080181
197.206 1080521
197.208 1080861
197.395 1081201
197.397 1081541
197.399 1081881
197.4 1082221
197.402 1082561
197.588 1082901
197.589 1083241
197.591 1083581
197.592 1083921
197.594 1084261
197.596 1084601
197.781 1084941
197.783 1085281
197.785 1085621
197.786 1085961
197.788 1086301
197.789 1086641
197.791 1086981
197.975 1087321
197.977 1087661
197.978 1088001
197.98 1088341
197.981 1088681
197.983 1089021
198.167 1089361
198.169 1089701
198.17 1090041
198.172 1090381
198.174 1090721
198.175 1091061
198.359 1091401
198.361 1091741
198.363 1092081
198.364 1092421
198.366 1092761
198.367 1093101
198.369 1093441
198.752 1093781
198.752 1094121
198.752 1094461
198.752 1094801
198.752 1095141
198.944 1095481
198.944 1095821
198.944 1096161
198.944 1096501
198.944 1096841
198.944 1097181
198.945 1097521
199.134 1097861
199.136 1098201
199.326 1098541
199.328 1098881
199.33 1099221
199.519 1099561
199.52 1099901
199.522 1100241
199.523 1100581
199.712 1100921
199.714 1101261
199.715 1101601
199.717 1101941
199.719 1102281
199.906 1102621
199.908 1102961
199.909 1103301
199.911 1103641
200.098 1103981
200.1 1104321
