0.190557 1
0.190557 341
0.38275 681
0.38275 1021
0.576477 1361
0.768627 1701
0.960778 341
0.960778 1701
0.960778 2041
1.3545 2381
1.74665 2721
1.74665 3061
1.94038 3401
2.13253 3741
2.32468 2381
2.32468 3741
2.32468 4081
2.51683 4421
2.70898 4761
2.70898 5101
2.90271 5441
2.90271 5781
3.09644 6121
3.09644 6461
3.09644 6801
3.29016 7141
3.29016 7481
3.48231 7821
3.48231 8161
3.67446 8501
3.67446 8841
3.67446 9181
3.86661 9521
3.86661 9861
3.86976 10201
3.86976 10541
4.06034 10881
4.06034 11221
4.06349 11561
4.06349 11901
4.25407 12241
4.25407 12581
4.25407 12921
4.25722 13261
4.25722 13601
4.44779 13941
4.44779 14281
4.45094 14621
4.45094 14961
4.63994 15301
4.63994 15641
4.64309 15981
4.64309 16321
4.64309 16661
4.83209 17001
4.83209 17341
4.83524 17681
4.83524 18021
4.8384 18361
4.8384 18701
5.02582 19041
5.02582 19381
5.02897 19721
5.02897 20061
5.03212 20401
5.03212 20741
5.03212 21081
5.21955 21421
5.21955 21761
5.2227 22101
5.2227 22441
5.22585 22781
5.22585 23121
5.4117 23461
5.4117 23801
5.41485 24141
5.41485 24481
5.418 24821
5.418 25161
5.60385 25501
5.60385 25841
5.607 26181
5.607 26521
5.607 26861
5.61015 27201
5.61015 27541
5.796 27881
5.796 28221
5.79915 28561
5.79915 28901
5.80545 29241
5.80545 29581
5.80545 29921
5.80545 30261
5.98972 30601
5.98972 30941
5.99288 31281
5.99288 31621
5.99918 31961
5.99918 32301
6.00233 32641
6.00233 32981
6.18345 33321
6.18345 33661
6.18345 34001
6.1866 34341
6.1866 34681
6.19291 35021
6.19291 35361
6.19606 35701
6.19606 36041
6.37718 36381
6.37718 36721
6.38033 37061
6.38033 37401
6.38506 37741
6.38506 38081
6.38821 38421
6.38821 38761
6.56933 39101
6.56933 39441
6.57721 39781
6.57721 40121
6.57721 40461
6.57721 40801
6.57721 41141
6.58036 41481
6.58036 41821
6.76305 42161
6.76936 42501
6.77093 42841
6.77251 38761
6.77251 42841
6.96151 43181
6.96308 43521
6.96466 43861
7.15523 44201
7.15523 44541
7.15523 44881
7.34738 45221
7.34738 45561
7.34738 45901
7.35054 46241
7.35054 46581
7.54111 46921
7.54111 47261
7.54426 47601
7.54426 47941
7.73326 48281
7.73326 48621
7.73641 48961
7.73641 49301
7.73641 49641
7.92541 49981
7.92541 50321
7.92856 50661
7.92856 51001
7.93172 51341
7.93172 51681
8.11914 52021
8.11914 52361
8.12229 52701
8.12229 53041
8.12544 53381
8.12544 53721
8.12544 54061
8.31286 54401
8.31286 54741
8.31602 55081
8.31602 55421
8.31917 55761
8.31917 56101
8.50501 56441
8.50501 56781
8.50817 57121
8.50817 57461
8.51132 57801
8.51132 58141
8.69716 58481
8.69716 58821
8.70032 59161
8.70032 59501
8.70032 59841
8.70347 60181
8.70347 60521
8.88932 60861
8.88932 61201
8.89247 61541
8.89247 61881
8.89562 62221
8.89562 62561
8.89877 62901
8.89877 63241
9.08304 63581
9.08304 63921
9.08619 64261
9.08619 64601
9.08935 64941
9.08935 65281
9.08935 65621
9.0925 65961
9.0925 66301
9.27834 66641
9.27992 66981
9.2815 67321
9.28307 63581
9.28307 67321
9.47207 67661
9.47365 68001
9.47522 68341
9.6658 68681
9.6658 69021
9.6658 69361
9.85795 69701
9.85795 70041
9.8611 70381
9.8611 70721
10.0517 71061
10.0517 71401
10.0548 71741
10.0548 72081
10.0548 72421
10.2454 72761
10.2454 73101
10.2486 73441
10.2486 73781
10.4376 74121
10.4376 74461
10.4407 74801
10.4407 75141
10.6297 75481
10.6297 75821
10.6297 76161
10.6329 76501
10.6329 76841
10.8219 77181
10.8219 77521
10.825 77861
10.825 78201
10.8282 78541
10.8282 78881
11.0156 79221
11.0156 79561
11.0187 79901
11.0187 80241
11.0219 80581
11.0219 80921
11.0219 81261
11.2093 81601
11.2093 81941
11.2125 82281
11.2125 82621
11.2156 82961
11.2156 83301
11.4015 83641
11.403 83981
11.4046 80921
11.4046 83981
11.5936 84321
11.5952 84661
11.5968 85001
11.7873 85341
11.7873 85681
11.9795 86021
11.9795 86361
12.1716 86701
12.1716 87041
12.3638 87381
12.3638 87721
12.3638 88061
12.5591 88401
12.5591 88741
12.5591 89081
12.5591 89421
12.7528 89761
12.7528 90101
12.756 90441
12.756 90781
12.9465 91121
12.9465 91461
12.9465 91801
12.9497 92141
12.9497 92481
13.1403 92821
13.1403 93161
13.1434 93501
13.1434 93841
13.3324 94181
13.3324 94521
13.3356 94861
13.3356 95201
13.5246 95541
13.5246 95881
13.5246 96221
13.5277 96561
13.5277 96901
13.7167 97241
13.7167 97581
13.7199 97921
13.7199 98261
13.723 98601
13.723 98941
13.9104 99281
13.9104 99621
13.9136 99961
13.9136 100301
13.9136 100641
14.1026 100981
14.1042 101321
14.1057 101661
14.1073 98601
14.1073 101661
14.2995 101321
14.2995 101661
14.2995 102001
14.4932 102341
14.8853 102681
14.8853 103021
15.8853 102341
15.8853 102681
17.8853 102341
17.8853 102681
18.0775 103021
18.0775 103361
18.4696 103701
18.4696 104041
18.6634 104381
18.6634 104721
18.8571 105061
18.8571 105401
19.0508 105741
19.0508 106081
19.0508 106421
19.2446 106761
19.2446 107101
19.4367 107441
19.4367 107781
19.6289 108121
19.6289 108461
19.6289 108801
19.821 109141
19.821 109481
19.8242 109821
19.8242 110161
20.0147 110501
20.0147 110841
20.0179 111181
20.0179 111521
20.2085 111861
20.2085 112201
20.2085 112541
20.2116 112881
20.2116 113221
20.4022 113561
20.4022 113901
20.4053 114241
20.4053 114581
20.5943 114921
20.5943 115261
20.5975 115601
20.5975 115941
20.5975 116281
20.7865 116621
20.7865 116961
20.7912 117301
20.7928 117641
20.9786 117981
20.9834 115261
20.9834 117981
21.1755 116621
21.1755 117981
21.3677 117641
21.3677 117981
21.7598 118321
22.152 118661
22.152 119001
22.3457 119341
22.3457 119681
22.3457 120021
22.5394 120361
22.5394 120701
22.7316 121041
22.7316 121381
22.9237 121721
22.9237 122061
22.9237 122401
23.1174 122741
23.119 123081
23.3096 123421
23.3112 121381
23.3112 123421
23.5033 123761
23.8955 124101
23.8955 124441
24.0892 124781
24.0892 125121
24.2829 125461
24.2829 125801
24.6751 126141
24.6751 126481
24.8672 126821
24.8688 127161
25.0594 125461
25.0594 127161
25.061 127501
25.2531 127841
25.4453 128181
25.6374 128521
25.6751 125461
25.6751 125801
25.8672 128521
25.8672 128861
26.2594 129201
26.2594 129541
26.4531 129881
26.4531 130221
26.6468 130561
26.6468 130901
26.8406 131241
26.8406 131581
26.8406 131921
27.0343 132261
27.0359 132601
27.2264 130901
27.2264 132601
27.228 132941
27.4186 133281
27.6107 133621
27.6107 133961
27.8045 134301
27.8045 134641
27.9982 134981
27.9982 135321
27.9982 135661
28.1919 136001
28.1919 136341
28.3841 136681
28.3841 137021
28.5762 137361
28.5778 137701
28.7684 136001
28.7684 137701
28.7699 138041
28.9605 138381
29.1527 138721
29.1527 139061
29.5448 139401
29.737 139741
29.9291 140081
30.1213 138721
30.1213 140081
30.1213 140421
30.3134 140761
30.5056 141101
30.5056 141441
30.6993 141781
30.6993 142121
30.893 142461
30.893 142801
30.893 143141
31.0867 143481
31.0883 143821
31.2789 142121
31.2789 143821
31.2805 144161
31.471 144501
31.6632 144841
31.6632 145181
31.8569 145521
31.8569 145861
32.0506 146201
32.0506 146541
32.0506 146881
32.2444 147221
32.2444 147561
32.4365 147901
32.4365 148241
32.6287 148581
32.6287 148921
32.6287 149261
32.8208 149601
32.8208 149941
32.824 150281
32.824 150621
33.0146 150961
33.0146 151301
33.0177 151641
33.2067 151981
33.2083 149941
33.2083 151981
33.3989 152321
33.591 152661
33.7832 153001
33.9753 153341
34.0146 149941
34.0146 150281
34.2067 153341
34.2067 153681
34.5989 154021
34.5989 154361
34.991 154701
35.1832 155041
35.3753 155381
35.991 154021
35.991 154361
36.1832 155041
36.1832 155381
36.1832 155721
36.3769 156061
36.3769 156401
36.5706 156741
36.5706 157081
36.5706 157421
36.7643 157761
36.7643 158101
36.9565 158441
36.9581 158781
37.1486 157081
37.1486 158781
37.1502 159121
37.3408 159461
37.5329 159801
37.5329 160141
37.7267 160481
37.7267 160821
37.9204 161161
37.9204 161501
37.9204 161841
38.1141 162181
38.1141 162521
38.3063 162861
38.3063 163201
38.4984 163541
38.4984 163881
38.4984 164221
38.6906 164561
38.6906 164901
38.6937 165241
38.6937 165581
38.8843 165921
38.8843 166261
39.078 166601
39.078 166941
39.078 167281
39.078 167621
39.2717 167961
39.2717 168301
39.2717 168641
39.2749 168981
39.2749 169321
39.4655 169661
39.4655 170001
39.4686 170341
39.4686 170681
39.6608 171021
39.6608 171361
39.6608 171701
39.6608 172041
39.8529 172381
39.8529 172721
39.8529 173061
39.8561 173401
39.8561 173741
40.0451 174081
40.0451 174421
40.0482 174761
40.0482 175101
40.0514 175441
40.0514 175781
40.2388 176121
40.2388 176461
40.242 176801
40.242 177141
40.242 177481
40.2451 177821
40.2451 178161
40.4325 178501
40.4325 178841
40.4357 179181
40.4357 179521
40.4388 179861
40.4388 180201
40.6247 180541
40.6247 180881
40.6278 181221
40.6278 181561
40.631 181901
40.631 182241
40.8168 182581
40.8168 182921
40.8168 183261
40.82 183601
40.82 183941
40.8231 184281
40.8231 184621
41.009 184961
41.009 185301
41.0121 185641
41.0121 185981
41.0153 186321
41.0153 186661
41.0184 187001
41.0184 187341
41.2027 187681
41.2027 188021
41.2059 188361
41.2059 188701
41.209 189041
41.209 189381
41.209 189721
41.2122 190061
41.2122 190401
41.3964 190741
41.3964 191081
41.3996 191421
41.3996 191761
41.4027 192101
41.4027 192441
41.4059 192781
41.4059 193121
41.5886 193461
41.5886 193801
41.5949 194141
41.5949 194481
41.5949 194821
41.5949 195161
41.598 195501
41.598 195841
41.7807 196181
41.7807 196521
41.7807 196861
41.787 197201
41.787 197541
41.7902 197881
41.7902 198221
41.7933 198561
41.7933 198901
41.9729 199241
41.9729 199581
41.976 199921
41.976 200261
41.9808 200601
41.9808 200941
41.9839 201281
41.9839 201621
41.9871 201961
41.9871 202301
42.1666 202641
42.1666 202981
42.1698 203321
42.1698 203661
42.1745 204001
42.1761 204341
42.1776 200261
42.1776 204341
42.3666 204681
42.3682 205021
42.3698 201961
42.3698 205021
42.3698 205361
42.5588 205701
42.5604 206041
42.5619 206381
42.7509 206721
42.7509 207061
42.7509 207401
42.7541 207741
42.7541 208081
42.9447 208421
42.9447 208761
42.9478 209101
42.9478 209441
43.1368 209781
43.1368 210121
43.14 210461
43.14 210801
43.14 211141
43.329 211481
43.329 211821
43.3321 212161
43.3321 212501
43.3353 212841
43.3353 213181
43.5227 213521
43.5227 213861
43.5258 214201
43.5258 214541
43.529 214881
43.529 215221
43.529 215561
43.7164 215901
43.7164 216241
43.7196 216581
43.7196 216921
43.7227 217261
43.7227 217601
43.9086 217941
43.9086 218281
43.9117 218621
43.9117 218961
43.9149 219301
43.9149 219641
44.1007 219981
44.1007 220321
44.1039 220661
44.1039 221001
44.1039 221341
44.107 221681
44.107 222021
44.2929 222361
44.2929 222701
44.296 223041
44.296 223381
44.2992 223721
44.2992 224061
44.3023 224401
44.3023 224741
44.4866 225081
44.4866 225421
44.4897 225761
44.4897 226101
44.4929 226441
44.4929 226781
44.4929 227121
44.4961 227461
44.4961 227801
44.6803 228141
44.6803 228481
44.6835 228821
44.6835 229161
44.6866 229501
44.6866 229841
44.6898 230181
44.6898 230521
44.8725 230861
44.8725 231201
44.8756 231541
44.8756 231881
44.8788 232221
44.8788 232561
44.8819 232901
44.8819 233241
45.0646 233581
45.0646 233921
45.0646 234261
45.0678 234601
45.0678 234941
45.0709 235281
45.0709 235621
45.0741 235961
45.0741 236301
45.2584 236641
45.2599 236981
45.2615 237321
45.2631 233241
45.2631 237321
45.4537 237661
45.4552 235621
45.4552 237661
45.4552 238001
45.6458 238341
45.6474 238681
45.838 239021
45.838 239361
45.838 239701
46.0301 240041
46.0301 240381
46.0301 240721
46.0333 241061
46.0333 241401
46.2238 241741
46.2238 242081
46.227 242421
46.227 242761
46.416 243101
46.416 243441
46.4191 243781
46.4191 244121
46.4191 244461
46.6081 244801
46.6081 245141
46.6113 245481
46.6113 245821
46.6144 246161
46.6144 246501
46.8019 246841
46.8019 247181
46.805 247521
46.805 247861
46.8082 248201
46.8082 248541
46.8082 248881
46.9956 249221
46.9956 249561
46.9987 249901
46.9987 250241
47.0019 250581
47.0019 250921
47.1877 251261
47.1877 251601
47.1909 251941
47.1909 252281
47.194 252621
47.194 252961
47.3799 253301
47.3799 253641
47.383 253981
47.383 254321
47.383 254661
47.3862 255001
47.3862 255341
47.572 255681
47.572 256021
47.5752 256361
47.5752 256701
47.5783 257041
47.5783 257381
47.5815 257721
47.5815 258061
47.7658 258401
47.7658 258741
47.7689 259081
47.7689 259421
47.7721 259761
47.7721 260101
47.7721 260441
47.7752 260781
47.7752 261121
47.9595 261461
47.9595 261801
47.9626 262141
47.9626 262481
47.9658 262821
47.9658 263161
47.9689 263501
47.9689 263841
48.1516 264181
48.1516 264521
48.1548 264861
48.1548 265201
48.1579 265541
48.1579 265881
48.1611 266221
48.1611 266561
48.3438 266901
48.3438 267241
48.3438 267581
48.3469 267921
48.3469 268261
48.3532 268601
48.3532 268941
48.3532 269281
48.3532 269621
48.5359 269961
48.5359 270301
48.5407 270641
48.5454 270981
48.547 271321
48.5501 267241
48.5501 271321
48.7423 267921
48.7423 271321
48.7423 271661
48.9344 272001
49.1266 272341
49.1266 272681
49.1266 273021
49.3203 273361
49.3203 273701
49.3203 274041
49.5125 274381
49.5125 274721
49.5125 275061
49.5156 275401
49.5156 275741
49.7062 276081
49.7062 276421
49.7093 276761
49.7093 277101
49.8983 277441
49.8983 277781
49.9015 278121
49.9015 278461
49.9015 278801
50.0905 279141
50.0905 279481
50.0936 279821
50.0936 280161
50.0968 280501
50.0968 280841
50.2842 281181
50.2842 281521
50.2874 281861
50.2874 282201
50.2905 282541
50.2905 282881
50.2905 283221
50.4779 283561
50.4779 283901
50.4811 284241
50.4811 284581
50.4842 284921
50.4842 285261
50.6701 285601
50.6701 285941
50.6732 286281
50.6748 286621
50.6764 283561
50.6764 286621
50.8654 286961
50.867 287301
50.8685 287641
51.0591 287981
51.0591 288321
51.2513 288661
51.2513 289001
51.4434 289341
51.4434 289681
51.6356 290021
51.6356 290361
51.6356 290701
51.8277 291041
51.8277 291381
51.8309 291721
51.8309 292061
52.0214 292401
52.0214 292741
52.0246 293081
52.0246 293421
52.0246 293761
52.2152 294101
52.2152 294441
52.2183 294781
52.2183 295121
52.4073 295461
52.4073 295801
52.4105 296141
52.4105 296481
52.5995 296821
52.5995 297161
52.6026 297501
52.6026 297841
52.6026 298181
52.7916 298521
52.7916 298861
52.7948 299201
52.7948 299541
52.7979 299881
52.7979 300221
52.9853 300561
52.9853 300901
52.9885 301241
52.9885 301581
52.9916 301921
52.9916 302261
52.9916 302601
53.1791 302941
53.1791 303281
53.1822 303621
53.1822 303961
53.1854 304301
53.1854 304641
53.3712 304981
53.3712 305321
53.3775 305661
53.3775 306001
53.3775 306341
53.3775 306681
53.5634 307021
53.5634 307361
53.5697 307701
53.5697 308041
53.5728 308381
53.5728 308721
53.5728 309061
53.7555 309401
53.7555 309741
53.7618 310081
53.7618 310421
53.765 310761
53.765 311101
53.7681 311441
53.7681 311781
53.9492 312121
53.9492 312461
53.9556 312801
53.9556 313141
53.9587 313481
53.9587 313821
53.9619 314161
53.9619 314501
53.9619 314841
54.143 315181
54.143 315521
54.1493 315861
54.1493 316201
54.154 316541
54.1556 316881
54.1572 317221
54.3351 313481
54.3351 317221
54.3477 317561
54.3493 317901
54.5273 318241
54.5415 318581
54.5415 318921
54.5415 319261
54.7336 319601
54.7336 319941
54.7368 320281
54.7368 320621
54.9305 320961
54.9305 321301
54.9305 321641
54.9305 321981
55.1242 322321
55.1242 322661
55.1242 323001
55.1274 323341
55.1274 323681
55.3179 324021
55.3179 324361
55.3227 324701
55.5101 325041
55.5117 325381
55.5148 323001
55.5148 325381
55.707 325721
56.0991 326061
56.0991 326401
56.2928 326741
56.2928 327081
56.4866 327421
56.4866 327761
56.6803 328101
56.6803 328441
56.6803 328781
56.874 329121
56.874 329461
57.2678 329801
57.2678 330141
57.2678 330481
57.4615 330821
57.4615 331161
57.4615 331501
57.6536 331841
57.6536 332181
57.6568 332521
57.6568 332861
57.8474 333201
57.8474 333541
57.8505 333881
57.8505 334221
58.0411 334561
58.0411 334901
58.0411 335241
58.0442 335581
58.0442 335921
58.2348 336261
58.2348 336601
58.238 336941
58.238 337281
58.427 337621
58.427 337961
58.4301 338301
58.4301 338641
58.4301 338981
58.6207 339321
58.6238 339661
58.8128 340001
58.816 337281
58.816 340001
59.0081 337961
59.0081 340001
59.2003 338641
59.2003 340001
59.3924 340341
60.3924 340001
60.3924 340341
62.3924 340001
62.3924 340341
62.5846 340681
62.9767 341021
62.9767 341361
63.1705 341701
63.1705 342041
63.3642 342381
63.3642 342721
63.5579 343061
63.5579 343401
63.5579 343741
63.7516 344081
63.7516 344421
63.9438 344761
63.9438 345101
64.1359 345441
64.1359 345781
64.1359 346121
64.3312 346461
64.3312 346801
64.3312 347141
64.3312 347481
64.525 347821
64.525 348161
64.5281 348501
64.5281 348841
64.7187 349181
64.7187 349521
64.7219 349861
64.7219 350201
64.7219 350541
64.9124 350881
64.9124 351221
64.9156 351561
64.9156 351901
65.1046 352241
65.1046 352581
65.1077 352921
65.1077 353261
65.2967 353601
65.2967 353941
65.2967 354281
65.2999 354621
65.2999 354961
65.4889 355301
65.4889 355641
65.492 355981
65.492 356321
65.4952 356661
65.4952 357001
65.6826 357341
65.6826 357681
65.6858 358021
65.6858 358361
65.6858 358701
65.6889 359041
65.6889 359381
65.8763 359721
65.8763 360061
65.8795 360401
65.8795 360741
65.8826 361081
65.8826 361421
66.0685 361761
66.0685 362101
66.0716 362441
66.0716 362781
66.0748 363121
66.0748 363461
66.2606 363801
66.2606 364141
66.2606 364481
66.2638 364821
66.2638 365161
66.2669 365501
66.2669 365841
66.4528 366181
66.4528 366521
66.4559 366861
66.4559 367201
66.4591 367541
66.4591 367881
66.4622 368221
66.4622 368561
66.6465 368901
66.6465 369241
66.6497 369581
66.6497 369921
66.6528 370261
66.6528 370601
66.6528 370941
66.656 371281
66.656 371621
66.8402 371961
66.8402 372301
66.8434 372641
66.8434 372981
66.8465 373321
66.8465 373661
66.8497 374001
66.8497 374341
67.0324 374681
67.0324 375021
67.0355 375361
67.0371 375701
67.0387 371961
67.0387 375701
67.2261 376041
67.2277 376381
67.2293 376721
67.2308 377061
67.4198 377401
67.4198 377741
67.423 378081
67.423 378421
67.6136 378761
67.6136 379101
67.6167 379441
67.6167 379781
67.8073 380121
67.8073 380461
67.8073 380801
67.8104 381141
67.8104 381481
68.001 381821
68.001 382161
68.0042 382501
68.0042 382841
68.1932 383181
68.1932 383521
68.1963 383861
68.1963 384201
68.1963 384541
68.3853 384881
68.3853 385221
68.3885 385561
68.3885 385901
68.3916 386241
68.3916 386581
68.579 386921
68.579 387261
68.5822 387601
68.5822 387941
68.5853 388281
68.5853 388621
68.7728 388961
68.7728 389301
68.7728 389641
68.7759 389981
68.7759 390321
68.7791 390661
68.7791 391001
68.9696 391341
68.9696 391681
68.9696 392021
68.9696 392361
68.9728 392701
68.9728 393041
69.1618 393381
69.1618 393721
69.165 394061
69.165 394401
69.1681 394741
69.1681 395081
69.1681 395421
69.3539 395761
69.3539 396101
69.3571 396441
69.3571 396781
69.3603 397121
69.3603 397461
69.3634 397801
69.3634 398141
69.5477 398481
69.5477 398821
69.5508 399161
69.5508 399501
69.5571 399841
69.5571 400181
69.5571 400521
69.5571 400861
69.7414 401201
69.7414 401541
69.7446 401881
69.7446 402221
69.7446 402561
69.7509 402901
69.7509 403241
69.754 403581
69.754 403921
69.9351 404261
69.9351 404601
69.9399 404941
69.943 405281
69.9446 405621
69.9462 401881
69.9462 405621
70.1352 405961
70.1367 406301
70.1383 406641
70.3289 406981
70.3289 407321
70.3289 407661
70.521 408001
70.521 408341
70.5242 408681
70.5242 409021
70.7148 409361
70.7148 409701
70.7179 410041
70.7179 410381
70.7179 410721
70.9085 411061
70.9085 411401
70.9116 411741
70.9116 412081
71.1006 412421
71.1006 412761
71.1038 413101
71.1054 413441
71.2928 411061
71.2928 413441
71.4849 413781
71.8771 414121
71.8771 414461
72.0708 414801
72.0708 415141
72.2645 415481
72.2645 415821
72.4583 416161
72.4583 416501
72.4583 416841
72.652 417181
72.652 417521
72.8457 417861
73.0379 418201
73.23 418541
73.4222 416841
73.4222 418541
73.6143 418881
74.0065 419221
74.0065 419561
74.2002 419901
74.2002 420241
74.3939 420581
74.3939 420921
74.5877 421261
74.5877 421601
74.5877 421941
74.7814 422281
74.7814 422621
74.9735 422961
74.9735 423301
75.1657 423641
75.1657 423981
75.1657 424321
75.3578 424661
75.3578 425001
75.361 425341
75.361 425681
75.5516 426021
75.5516 426361
75.5547 426701
75.5547 427041
75.7453 427381
75.7453 427721
75.7453 428061
75.7484 428401
75.7484 428741
75.939 429081
75.939 429421
75.9422 429761
75.9422 430101
76.1312 430441
76.1312 430781
76.1343 431121
76.1343 431461
76.1343 431801
76.3265 432141
76.3265 432481
76.3265 432821
76.3265 433161
76.3296 433501
76.3296 433841
76.5233 434181
76.5233 434521
76.5233 434861
76.5233 435201
76.5265 435541
76.5265 435881
76.7171 436221
76.7171 436561
76.7202 436901
76.7202 437241
76.7202 437581
76.7234 437921
76.7234 438261
76.9108 438601
76.9108 438941
76.9139 439281
76.9139 439621
76.9171 439961
76.9171 440301
77.1029 440641
77.1029 440981
77.1061 441321
77.1061 441661
77.1092 442001
77.1092 442341
77.2951 442681
77.2951 443021
77.2951 443361
77.2982 443701
77.2982 444041
77.3014 444381
77.3014 444721
77.4872 445061
77.4872 445401
77.4904 445741
77.4904 446081
77.4935 446421
77.4935 446761
77.4967 447101
77.4967 447441
77.681 447781
77.681 448121
77.6841 448461
77.6841 448801
77.6873 449141
77.6873 449481
77.6873 449821
77.6904 450161
77.6904 450501
77.8747 450841
77.8747 451181
77.8779 451521
77.8779 451861
77.881 452201
77.881 452541
77.8842 452881
77.8842 453221
78.0668 453561
78.0668 453901
78.07 454241
78.07 454581
78.0732 454921
78.0732 455261
78.0763 455601
78.0763 455941
78.0763 456281
78.259 456621
78.259 456961
78.2622 457301
78.2622 457641
78.2653 457981
78.2653 458321
78.2685 458661
78.2685 459001
78.2716 459341
78.2716 459681
78.4527 460021
78.4527 460361
78.4559 460701
78.4559 461041
78.459 461381
78.459 461721
78.4622 462061
78.4622 462401
78.4653 462741
78.4653 463081
78.6465 463421
78.6465 463761
78.6465 464101
78.6496 464441
78.6496 464781
78.6528 465121
78.6528 465461
78.6559 465801
78.6559 466141
78.6591 466481
78.6591 466821
78.8402 467161
78.8418 467501
78.8433 463081
78.8433 467501
78.8528 467841
78.8544 468181
79.0323 468521
79.0355 467161
79.0355 468521
79.0355 468861
79.0449 469201
79.0465 469541
79.2245 469881
79.2276 470221
79.2371 470561
79.2371 470901
79.4166 471241
79.4166 471581
79.4292 471921
79.4292 472261
79.6088 472601
79.6088 472941
79.6214 473281
79.6214 473621
79.8009 473961
79.8009 474301
79.8009 474641
79.8135 474981
79.8135 475321
79.9931 475661
79.9931 476001
79.9962 476341
79.9962 476681
80.0073 477021
80.0073 477361
80.1868 477701
80.1868 478041
80.19 478381
80.19 478721
80.19 479061
80.201 479401
80.201 479741
80.3805 480081
80.3805 480421
80.3837 480761
80.3837 481101
80.3931 481441
80.3931 481781
80.5727 482121
80.5727 482461
80.5758 482801
80.5758 483141
80.5853 483481
80.5853 483821
80.7648 484161
80.7648 484501
80.7648 484841
80.768 485181
80.768 485521
80.7774 485861
80.7774 486201
80.957 486541
80.957 486881
80.9601 487221
80.9601 487561
80.9633 487901
80.9633 488241
80.9712 488581
80.9712 488921
81.1507 489261
81.1507 489601
81.1539 489941
81.1539 490281
81.1539 490621
81.157 490961
81.157 491301
81.1649 491641
81.1649 491981
81.3444 492321
81.3444 492661
81.3476 493001
81.3476 493341
81.3507 493681
81.3507 494021
81.357 494361
81.357 494701
81.5366 495041
81.5366 495381
81.5397 495721
81.5397 496061
81.5429 496401
81.5429 496741
81.5492 497081
81.5492 497421
81.5492 497761
81.7287 498101
81.7287 498441
81.7319 498781
81.7319 499121
81.735 499461
81.735 499801
81.7413 500141
81.7413 500481
81.9209 500821
81.9225 501161
81.924 501501
81.9256 497421
81.9256 501501
82.1146 501841
82.1178 502181
82.3099 502521
82.3099 502861
82.3099 503201
82.5036 503541
82.5036 503881
82.5036 504221
82.6958 504561
82.6958 504901
82.6958 505241
82.6989 505581
82.6989 505921
82.8895 506261
82.8895 506601
82.8927 506941
82.8927 507281
83.0817 507621
83.0817 507961
83.0848 508301
83.0864 508641
83.2738 506261
83.2738 508641
83.2785 508981
83.466 509321
83.6581 509661
83.6581 510001
83.8518 510341
83.8518 510681
84.0456 511021
84.0456 511361
84.0456 511701
84.2393 512041
84.2393 512381
84.433 512721
84.6252 513061
84.8173 513401
85.0095 511701
85.0095 513401
85.2016 513741
85.5938 514081
85.5938 514421
85.7875 514761
85.7875 515101
85.9812 515441
85.9812 515781
86.175 516121
86.175 516461
86.175 516801
86.3687 517141
86.3687 517481
86.5608 517821
86.5608 518161
86.753 518501
86.753 518841
86.753 519181
86.9451 519521
86.9451 519861
86.9483 520201
86.9483 520541
87.1389 520881
87.1389 521221
87.142 521561
87.142 521901
87.3326 522241
87.3326 522581
87.3326 522921
87.3357 523261
87.3357 523601
87.5263 523941
87.5263 524281
87.5295 524621
87.5295 524961
87.7185 525301
87.7185 525641
87.7216 525981
87.7216 526321
87.7216 526661
87.9106 527001
87.9106 527341
87.9138 527681
87.9138 528021
87.9169 528361
87.9169 528701
88.1043 529041
88.1043 529381
88.1091 529721
88.1106 530061
88.2965 530401
88.2981 527681
88.2981 530401
88.4902 530741
88.8824 531081
88.8824 531421
89.0761 531761
89.0761 532101
89.0761 532441
89.2698 532781
89.2698 533121
89.462 533461
89.462 533801
89.6541 534141
89.6541 534481
89.6541 534821
89.8463 535161
89.8463 535501
89.8494 535841
90.0384 536181
90.04 534141
90.04 536181
90.2306 536521
90.2322 536861
90.4243 537201
90.4243 537541
90.618 537881
90.618 538221
90.8118 538561
90.8118 538901
90.8118 539241
91.0055 539581
91.0055 539921
91.1976 540261
91.1976 540601
91.3898 540941
91.3898 541281
91.3898 541621
91.5819 541961
91.5819 542301
91.5851 542641
91.5851 542981
91.7757 543321
91.7757 543661
91.7788 544001
91.7788 544341
91.9694 544681
91.9694 545021
91.9694 545361
91.9725 545701
91.9725 546041
92.1631 546381
92.1631 546721
92.1663 547061
92.1663 547401
92.3553 547741
92.3553 548081
92.3584 548421
92.3584 548761
92.3584 549101
92.5474 549441
92.549 549781
92.5506 547061
92.5506 549781
92.7411 550121
92.7427 550461
92.9349 550801
92.9349 551141
92.9349 551481
93.1286 551821
93.1286 552161
93.3207 552501
93.3207 552841
93.7145 553181
93.7145 553521
93.7145 553861
93.7145 554201
93.9082 554541
93.9082 554881
93.9113 555221
93.9113 555561
94.1019 555901
94.1035 556241
94.1051 554201
94.1051 556241
94.2956 556581
94.2972 556921
94.4894 557261
94.4894 557601
94.6831 557941
94.6831 558281
94.8768 558621
94.8768 558961
94.8768 559301
95.0706 559641
95.0706 559981
95.2627 560321
95.2627 560661
95.4549 561001
95.4549 561341
95.4549 561681
95.647 562021
95.6486 562361
95.6502 560321
95.6502 562361
95.8407 562701
95.8423 563041
96.0345 563381
96.0345 563721
96.2282 564061
96.2282 564401
96.4219 564741
96.4219 565081
96.4219 565421
96.6156 565761
96.6156 566101
96.8078 566441
96.8078 566781
96.9999 567121
96.9999 567461
96.9999 567801
97.1921 568141
97.1921 568481
97.1952 568821
97.1952 569161
97.3874 569501
97.389 569841
97.5795 570181
97.5811 568141
97.5811 570181
97.7733 570521
98.1654 570861
98.1654 571201
98.3591 571541
98.3591 571881
98.5529 572221
98.5529 572561
98.7466 572901
98.7466 573241
98.7466 573581
98.9403 573921
98.9403 574261
99.1325 574601
99.1325 574941
99.3246 575281
99.3246 575621
99.3246 575961
99.5168 576301
99.5168 576641
99.5199 576981
99.5199 577321
99.7105 577661
99.7105 578001
99.7137 578341
99.7137 578681
99.9042 579021
99.9042 579361
99.9042 579701
99.9074 580041
99.9074 580381
100.098 580721
100.098 581061
100.101 581401
100.101 581741
100.29 582081
100.29 582421
100.293 582761
100.293 583101
100.293 583441
100.485 583781
100.485 584121
100.485 584461
100.485 584801
100.489 585141
100.489 585481
100.679 585821
100.679 586161
100.682 586501
100.682 586841
100.685 587181
100.685 587521
100.873 587861
100.873 588201
100.873 588541
100.876 588881
100.876 589221
100.879 589561
100.879 589901
101.067 590241
101.067 590581
101.07 590921
101.07 591261
101.073 591601
101.074 591941
101.26 588881
101.26 591941
101.267 592281
101.452 592621
101.645 592961
101.645 593301
101.645 593641
101.838 593981
101.838 594321
102.032 594661
102.224 595001
102.416 595341
102.609 593641
102.609 595341
102.801 595681
103.193 596021
103.193 596361
103.387 596701
103.387 597041
103.58 597381
103.58 597721
103.774 598061
103.774 598401
103.774 598741
103.968 599081
103.968 599421
104.16 599761
104.16 600101
104.352 600441
104.352 600781
104.352 601121
104.544 601461
104.544 601801
104.547 602141
104.547 602481
104.738 602821
104.738 603161
104.741 603501
104.93 603841
104.932 601801
104.932 603841
105.122 604181
105.124 604521
105.316 604861
105.316 605201
105.51 605541
105.51 605881
105.703 606221
105.703 606561
105.703 606901
105.897 607241
105.897 607581
106.089 607921
106.089 608261
106.281 608601
106.281 608941
106.281 609281
106.474 609621
106.474 609961
106.477 610301
106.477 610641
106.667 610981
106.667 611321
106.67 611661
106.67 612001
106.861 612341
106.861 612681
106.861 613021
106.864 613361
107.053 613701
107.055 611321
107.055 613701
107.245 614041
107.247 614381
107.439 614721
107.439 615061
107.633 615401
107.633 615741
107.826 616081
107.826 616421
107.826 616761
108.02 617101
108.02 617441
108.212 617781
108.212 618121
108.405 618461
108.405 618801
108.405 619141
108.597 619481
108.597 619821
108.6 620161
108.6 620501
108.79 620841
108.79 621181
108.794 621521
108.794 621861
108.984 622201
108.984 622541
108.984 622881
108.987 623221
108.987 623561
109.178 623901
109.178 624241
109.181 624581
109.181 624921
109.37 625261
109.37 625601
109.373 625941
109.373 626281
109.373 626621
109.562 626961
109.562 627301
109.565 627641
109.565 627981
109.757 628321
109.757 628661
109.757 629001
109.759 629341
109.95 629681
109.951 626961
109.951 629681
110.143 630021
110.535 630361
110.535 630701
110.729 631041
110.921 631381
111.114 630021
111.114 631381
111.114 631721
111.306 632061
111.498 632401
111.498 632741
111.692 633081
111.692 633421
111.885 633761
111.885 634101
111.885 634441
112.079 634781
112.079 635121
112.271 635461
112.271 635801
112.463 636141
112.463 636481
112.463 636821
112.655 637161
112.655 637501
112.659 637841
112.659 638181
112.849 638521
112.849 638861
112.852 639201
112.852 639541
113.043 639881
113.043 640221
113.043 640561
113.046 640901
113.046 641241
113.237 641581
113.237 641921
113.24 642261
113.24 642601
113.429 642941
113.429 643281
113.432 643621
113.432 643961
113.432 644301
113.621 644641
113.621 644981
113.624 645321
113.624 645661
113.627 646001
113.627 646341
113.815 646681
113.815 647021
113.818 647361
113.818 647701
113.821 648041
113.821 648381
113.821 648721
114.008 649061
114.008 649401
114.012 649741
114.012 650081
114.015 650421
114.015 650761
114.201 651101
114.201 651441
114.204 651781
114.204 652121
114.207 652461
114.207 652801
114.393 653141
114.393 653481
114.396 653821
114.396 654161
114.396 654501
114.399 654841
114.399 655181
114.585 655521
114.585 655861
114.588 656201
114.588 656541
114.591 656881
114.591 657221
114.594 657561
114.594 657901
114.779 658241
114.779 658581
114.782 658921
114.782 659261
114.785 659601
114.786 659941
114.788 656541
114.788 659941
114.979 660281
114.98 658581
114.98 660281
114.98 660621
115.171 660961
115.363 661301
115.755 661641
115.755 661981
115.949 662321
115.949 662661
115.949 663001
116.142 663341
116.142 663681
116.142 664021
116.335 664361
116.335 664701
116.338 665041
116.338 665381
116.528 665721
116.528 666061
116.532 666401
116.532 666741
116.532 667081
116.722 667421
116.722 667761
116.725 668101
116.725 668441
116.914 668781
116.914 669121
116.917 669461
116.917 669801
117.106 670141
117.106 670481
117.106 670821
117.299 671161
117.299 671501
117.299 671841
117.299 672181
117.302 672521
117.302 672861
117.492 673201
117.492 673541
117.495 673881
117.497 674221
117.499 671501
117.499 674221
117.689 674561
117.691 674901
117.883 675241
117.883 675581
117.883 675921
118.077 676261
118.077 676601
118.47 676941
118.47 677281
118.47 677621
118.664 677961
118.664 678301
118.664 678641
118.856 678981
118.856 679321
118.859 679661
118.859 680001
119.05 680341
119.05 680681
119.053 681021
119.053 681361
119.053 681701
119.245 682041
119.247 682381
119.248 682721
119.437 680341
119.437 682721
119.63 683061
120.63 682721
120.63 683061
120.822 683401
121.214 683741
121.214 684081
121.408 684421
121.408 684761
121.601 685101
121.601 685441
121.795 685781
121.795 686121
121.795 686461
121.989 686801
121.989 687141
122.181 687481
122.181 687821
122.373 688161
122.373 688501
122.373 688841
122.568 689181
122.568 689521
122.568 689861
122.568 690201
122.762 690541
122.762 690881
122.765 691221
122.765 691561
122.956 691901
122.956 692241
122.959 692581
122.959 692921
122.959 693261
123.15 693601
123.15 693941
123.153 694281
123.153 694621
123.342 694961
123.342 695301
123.345 695641
123.345 695981
123.534 696321
123.535 696661
123.537 694281
123.537 696661
123.728 697001
123.729 697341
123.921 697681
123.921 698021
124.115 698361
124.115 698701
124.309 699041
124.309 699381
124.309 699721
124.502 700061
124.502 700401
124.896 700741
124.896 701081
124.896 701421
125.09 701761
125.09 702101
125.09 702441
125.285 702781
125.285 703121
125.285 703461
125.285 703801
125.479 704141
125.479 704481
125.482 704821
125.482 705161
125.673 705501
125.673 705841
125.676 706181
125.676 706521
125.676 706861
125.866 707201
125.866 707541
125.87 707881
125.87 708221
126.059 708561
126.059 708901
126.062 709241
126.062 709581
126.251 709921
126.251 710261
126.251 710601
126.254 710941
126.254 711281
126.444 711621
126.446 711961
126.448 712301
126.449 709581
126.449 712301
126.641 712641
127.033 712981
127.033 713321
127.227 713661
127.227 714001
127.227 714341
127.421 714681
127.421 715021
127.613 715361
127.613 715701
127.805 716041
127.805 716381
127.805 716721
127.999 717061
128 717401
128.191 717741
128.193 715701
128.193 717741
128.385 718081
128.777 718421
128.777 718761
128.971 719101
128.971 719441
129.164 719781
129.164 720121
129.358 720461
129.358 720801
129.358 721141
129.552 721481
129.552 721821
129.744 722161
129.744 722501
129.936 722841
129.936 723181
129.936 723521
130.128 723861
130.128 724201
130.131 724541
130.131 724881
130.325 725221
130.325 725561
130.325 725901
130.325 726241
130.519 726581
130.519 726921
130.522 727261
130.522 727601
130.522 727941
130.713 728281
130.713 728621
130.905 728961
130.905 729301
130.905 729641
130.905 729981
131.097 730321
131.097 730661
131.1 731001
131.1 731341
131.289 731681
131.289 732021
131.289 732361
131.292 732701
131.294 733041
131.481 730321
131.481 733041
131.488 733381
131.673 733721
131.866 734061
131.866 734401
131.866 734741
132.059 735081
132.059 735421
132.251 735761
132.444 736101
132.636 734401
132.636 736101
132.828 736441
133.22 736781
133.22 737121
133.414 737461
133.414 737801
133.607 738141
133.607 738481
133.801 738821
133.801 739161
133.801 739501
133.995 739841
133.995 740181
134.187 740521
134.187 740861
134.379 741201
134.379 741541
134.379 741881
134.571 742221
134.571 742561
134.575 742901
134.575 743241
134.765 743581
134.765 743921
134.768 744261
134.768 744601
134.959 744941
134.959 745281
134.959 745621
135.151 745961
135.153 746301
135.154 746641
135.343 744261
135.343 746641
135.535 746981
135.927 747321
135.927 747661
136.121 748001
136.121 748341
136.315 748681
136.507 749021
136.699 747661
136.699 749021
136.699 749361
136.891 749701
137.083 750041
137.083 750381
137.277 750721
137.277 751061
137.471 751401
137.471 751741
137.471 752081
137.665 752421
137.665 752761
137.857 753101
137.857 753441
138.049 753781
138.049 754121
138.049 754461
138.241 754801
138.241 755141
138.244 755481
138.244 755821
138.435 756161
138.435 756501
138.438 756841
138.438 757181
138.629 757521
138.629 757861
138.629 758201
138.632 758541
138.632 758881
138.822 759221
138.822 759561
138.825 759901
138.825 760241
139.016 760581
139.018 760921
139.019 761261
139.208 758881
139.208 761261
139.4 761601
139.792 761941
139.792 762281
139.986 762621
139.986 762961
140.18 763301
140.18 763641
140.374 763981
140.374 764321
140.374 764661
140.567 765001
140.567 765341
140.76 765681
140.76 766021
140.952 766361
140.953 766701
141.144 765001
141.144 766701
141.145 767041
141.336 767381
141.528 767721
141.528 768061
141.722 768401
141.722 768741
141.916 769081
141.916 769421
141.916 769761
142.109 770101
142.109 770441
142.301 770781
142.301 771121
142.494 771461
142.494 771801
142.494 772141
142.686 772481
142.686 772821
142.878 773161
142.879 773501
143.07 773841
143.072 771801
143.072 773841
143.878 771801
143.878 772141
144.07 773841
144.07 774181
144.462 774521
144.462 774861
144.656 775201
144.656 775541
144.85 775881
144.85 776221
145.043 776561
145.043 776901
145.043 777241
145.237 777581
145.237 777921
145.429 778261
145.429 778601
145.621 778941
145.621 779281
145.621 779621
145.817 779961
145.817 780301
145.817 780641
145.817 780981
146.01 781321
146.01 781661
146.014 782001
146.014 782341
146.204 782681
146.204 783021
146.596 783361
146.596 783701
146.596 784041
146.596 784381
146.788 784721
146.79 785061
146.792 782681
146.792 785061
146.982 785401
146.984 785741
147.176 786081
147.176 786421
147.37 786761
147.37 787101
147.563 787441
147.563 787781
147.563 788121
147.757 788461
147.757 788801
147.949 789141
147.949 789481
148.141 789821
148.141 790161
148.141 790501
148.334 790841
148.334 791181
148.337 791521
148.337 791861
148.53 792201
148.53 792541
148.53 792881
148.53 793221
148.724 793561
148.724 793901
148.727 794241
148.727 794581
148.727 794921
148.918 795261
148.918 795601
148.921 795941
148.921 796281
149.11 796621
149.11 796961
149.113 797301
149.115 797641
149.302 795261
149.302 797641
149.307 797981
149.494 798321
149.686 798661
149.686 799001
150.079 799341
150.271 799681
150.463 800021
150.655 798661
150.655 800021
150.655 800361
150.847 800701
151.039 801041
151.039 801381
151.233 801721
151.233 802061
151.427 802401
151.427 802741
151.427 803081
151.621 803421
151.621 803761
151.813 804101
151.813 804441
152.005 804781
152.005 805121
152.005 805461
152.197 805801
152.197 806141
152.2 806481
152.2 806821
152.391 807161
152.391 807501
152.394 807841
152.394 808181
152.584 808521
152.584 808861
152.584 809201
152.588 809541
152.588 809881
152.781 810221
152.783 810561
152.973 808181
152.973 810561
153.166 808521
153.166 810561
153.358 808861
153.358 810561
153.358 810901
153.55 811241
153.742 811581
153.742 811921
153.936 812261
154.128 812601
154.32 811241
154.32 812601
154.32 812941
154.512 813281
154.704 813621
154.704 813961
154.898 814301
154.898 814641
155.092 814981
155.092 815321
155.092 815661
155.286 816001
155.286 816341
155.478 816681
155.478 817021
155.67 817361
155.67 817701
155.67 818041
155.862 818381
155.862 818721
155.865 819061
155.865 819401
156.056 819741
156.056 820081
156.059 820421
156.059 820761
156.25 821101
156.25 821441
156.25 821781
156.253 822121
156.253 822461
156.443 822801
156.443 823141
156.446 823481
156.446 823821
156.635 824161
156.635 824501
156.639 824841
156.639 825181
156.639 825521
156.828 825861
156.828 826201
156.831 826541
156.831 826881
156.834 827221
156.834 827561
157.021 827901
157.021 828241
157.024 828581
157.024 828921
157.028 829261
157.028 829601
157.028 829941
157.215 830281
157.215 830621
157.218 830961
157.22 831301
157.221 828241
157.221 831301
157.41 831641
157.412 831981
157.413 832321
157.604 832661
157.604 833001
157.796 833341
157.796 833681
157.988 834021
157.988 834361
158.18 834701
158.18 835041
158.18 835381
158.373 835721
158.373 836061
158.376 836401
158.376 836741
158.566 837081
158.566 837421
158.569 837761
158.569 838101
158.569 838441
158.76 838781
158.76 839121
158.763 839461
158.763 839801
158.952 840141
158.952 840481
158.955 840821
158.957 841161
159.144 838781
159.144 841161
159.337 840141
159.337 841161
159.529 841501
159.921 841841
159.921 842181
160.115 842521
160.115 842861
160.308 843201
160.308 843541
160.502 843881
160.502 844221
160.502 844561
160.696 844901
160.696 845241
160.888 845581
160.889 845921
161.08 844221
161.08 845921
161.082 846261
161.272 846601
161.464 846941
161.464 847281
161.658 847621
161.658 847961
161.852 848301
161.852 848641
161.852 848981
162.046 849321
162.046 849661
162.238 850001
162.238 850341
162.43 850681
162.43 851021
162.43 851361
162.622 851701
162.622 852041
162.625 852381
162.625 852721
162.816 853061
162.816 853401
162.819 853741
162.819 854081
163.009 854421
163.009 854761
163.009 855101
163.013 855441
163.013 855781
163.203 856121
163.203 856461
163.206 856801
163.206 857141
163.395 857481
163.395 857821
163.398 858161
163.398 858501
163.398 858841
163.587 859181
163.587 859521
163.591 859861
163.591 860201
163.594 860541
163.594 860881
163.781 861221
163.781 861561
163.784 861901
163.784 862241
163.787 862581
163.787 862921
163.787 863261
163.975 863601
163.975 863941
163.978 864281
163.978 864621
163.981 864961
163.981 865301
164.167 865641
164.167 865981
164.17 866321
164.17 866661
164.173 867001
164.173 867341
164.359 867681
164.359 868021
164.362 868361
164.362 868701
164.362 869041
164.366 869381
164.366 869721
164.551 870061
164.551 870401
164.554 870741
164.556 871081
164.558 867681
164.558 871081
164.747 871421
164.748 871761
164.75 872101
164.94 872441
164.94 872781
164.94 873121
165.133 873461
165.133 873801
165.136 874141
165.136 874481
165.328 874821
165.329 875161
165.52 875501
165.522 873461
165.522 875501
165.714 875841
166.106 876181
166.106 876521
166.3 876861
166.3 877201
166.493 877541
166.493 877881
167.493 877201
167.493 877541
167.685 877881
167.685 878221
168.078 878561
168.078 878901
168.271 879241
168.271 879581
168.465 879921
168.465 880261
168.659 880601
168.659 880941
168.659 881281
168.853 881621
168.853 881961
169.045 882301
169.045 882641
169.237 882981
169.237 883321
169.237 883661
169.429 884001
169.429 884341
169.432 884681
169.432 885021
169.623 885361
169.623 885701
169.626 886041
169.626 886381
169.816 886721
169.816 887061
169.816 887401
169.82 887741
169.82 888081
170.01 888421
170.01 888761
170.013 889101
170.013 889441
170.202 889781
170.202 890121
170.205 890461
170.205 890801
170.205 891141
170.394 891481
170.394 891821
170.398 892161
170.398 892501
170.401 892841
170.401 893181
170.588 893521
170.588 893861
170.591 894201
170.593 894541
170.594 891821
170.594 894541
170.785 894881
170.787 895221
170.979 895561
170.979 895901
170.979 896241
171.173 896581
171.173 896921
171.365 897261
171.365 897601
171.557 897941
171.557 898281
171.557 898621
171.749 898961
171.749 899301
171.752 899641
171.752 899981
171.943 900321
171.943 900661
171.946 901001
171.946 901341
171.946 901681
172.136 902021
172.136 902361
172.14 902701
172.14 903041
172.329 903381
172.329 903721
172.332 904061
172.332 904401
172.521 904741
172.521 905081
172.524 905421
172.524 905761
172.524 906101
172.713 906441
172.713 906781
172.716 907121
172.716 907461
172.719 907801
172.719 908141
172.907 908481
172.907 908821
172.91 909161
172.91 909501
172.913 909841
172.913 910181
172.913 910521
173.1 910861
173.1 911201
173.103 911541
173.103 911881
173.107 912221
173.107 912561
173.292 912901
173.292 913241
173.296 913581
173.296 913921
173.299 914261
173.299 914601
173.485 914941
173.485 915281
173.488 915621
173.488 915961
173.488 916301
173.491 916641
173.491 916981
173.677 917321
173.677 917661
173.68 918001
173.68 918341
173.683 918681
173.683 919021
173.686 919361
173.686 919701
173.87 920041
173.87 920381
173.874 920721
173.874 921061
173.88 921401
173.88 921741
173.88 922081
173.88 922421
173.88 922761
174.064 923101
174.064 923441
174.067 923781
174.067 924121
174.074 924461
174.074 924801
174.077 925141
174.077 925481
174.256 925821
174.256 926161
174.261 926501
174.266 926841
174.267 927181
174.269 923441
174.269 927181
174.458 927521
174.46 927861
174.461 928201
174.652 928541
174.652 928881
174.652 929221
174.844 929561
174.844 929901
174.847 930241
174.847 930581
175.038 930921
175.038 931261
175.041 931601
175.041 931941
175.041 932281
175.233 932621
175.234 932961
175.236 933301
175.425 930921
175.425 933301
175.617 933641
176.009 933981
176.009 934321
176.203 934661
176.203 935001
176.397 935341
176.397 935681
176.591 936021
176.591 936361
176.591 936701
176.784 937041
176.784 937381
176.976 937721
176.976 938061
177.169 938401
177.169 938741
177.169 939081
177.361 939421
177.361 939761
177.364 940101
177.364 940441
177.554 940781
177.554 941121
177.558 941461
177.558 941801
177.748 942141
177.748 942481
177.748 942821
177.751 943161
177.751 943501
177.942 943841
177.942 944181
177.945 944521
177.945 944861
178.134 945201
178.134 945541
178.137 945881
178.137 946221
178.137 946561
178.329 946901
178.329 947241
178.329 947581
178.329 947921
178.332 948261
178.332 948601
178.523 948941
178.523 949281
178.526 949621
178.526 949961
178.529 950301
178.529 950641
178.717 950981
178.717 951321
178.717 951661
178.72 952001
178.72 952341
178.723 952681
178.723 953021
178.91 953361
178.91 953701
178.914 954041
178.914 954381
178.917 954721
178.917 955061
179.103 955401
179.103 955741
179.106 956081
179.106 956421
179.109 956761
179.109 957101
179.109 957441
179.295 957781
179.295 958121
179.298 958461
179.298 958801
179.301 959141
179.301 959481
179.304 959821
179.304 960161
179.489 960501
179.489 960841
179.492 961181
179.492 961521
179.495 961861
179.495 962201
179.498 962541
179.498 962881
179.682 963221
179.682 963561
179.682 963901
179.685 964241
179.687 964581
179.689 960841
179.689 964581
179.878 964921
179.879 965261
179.881 965601
179.882 965941
180.074 966281
180.074 966621
180.074 966961
180.074 967301
180.268 967641
180.268 967981
180.271 968321
180.271 968661
180.462 969001
180.462 969341
180.465 969681
180.465 970021
180.465 970361
180.656 970701
180.656 971041
180.659 971381
180.659 971721
180.848 972061
180.848 972401
180.851 972741
180.851 973081
181.04 973421
181.04 973761
181.04 974101
181.045 974441
181.232 974781
181.234 975121
181.235 972401
181.235 975121
181.427 974781
181.427 975121
181.82 975461
182.212 975801
182.212 976141
182.604 976481
182.604 976821
182.796 977161
182.798 977501
182.988 975801
182.988 977501
182.99 977841
183.18 978181
183.372 978521
183.372 978861
183.566 979201
183.566 979541
183.76 979881
183.76 980221
183.76 980561
183.954 980901
183.954 981241
184.146 981581
184.146 981921
184.338 982261
184.338 982601
184.338 982941
184.53 983281
184.53 983621
184.533 983961
184.533 984301
184.724 984641
184.724 984981
184.727 985321
184.727 985661
184.918 986001
184.918 986341
184.918 986681
184.921 987021
184.921 987361
185.111 987701
185.111 988041
185.114 988381
185.114 988721
185.303 989061
185.303 989401
185.307 989741
185.307 990081
185.307 990421
185.496 990761
185.496 991101
185.499 991441
185.499 991781
185.502 992121
185.502 992461
185.689 992801
185.689 993141
185.692 993481
185.692 993821
185.696 994161
185.696 994501
185.696 994841
185.883 995181
185.883 995521
185.886 995861
185.886 996201
185.889 996541
185.889 996881
186.075 997221
186.075 997561
186.078 997901
186.078 998241
186.081 998581
186.081 998921
186.267 999261
186.267 999601
186.27 999941
186.27 1000281
186.27 1000621
186.274 1000961
186.274 1001301
186.459 1001641
186.459 1001981
186.463 1002321
186.463 1002661
186.466 1003001
186.466 1003341
186.469 1003681
186.469 1004021
186.653 1004361
186.653 1004701
186.656 1005041
186.656 1005381
186.659 1005721
186.659 1006061
186.663 1006401
186.663 1006741
186.663 1007081
186.847 1007421
186.847 1007761
186.85 1008101
186.85 1008441
186.853 1008781
186.853 1009121
186.856 1009461
186.856 1009801
187.039 1010141
187.039 1010481
187.042 1010821
187.042 1011161
187.045 1011501
187.045 1011841
187.048 1012181
187.048 1012521
187.231 1012861
187.231 1013201
187.231 1013541
187.234 1013881
187.234 1014221
187.237 1014561
187.237 1014901
187.241 1015241
187.241 1015581
187.423 1015921
187.423 1016261
187.426 1016601
187.426 1016941
187.43 1017281
187.43 1017621
187.433 1017961
187.433 1018301
187.436 1018641
187.436 1018981
187.617 1019321
187.617 1019661
187.623 1020001
187.623 1020341
187.623 1020681
187.623 1021021
187.627 1021361
187.627 1021701
187.627 1022041
187.63 1022381
187.63 1022721
187.811 1023061
187.811 1023401
187.817 1023741
187.817 1024081
187.82 1024421
187.82 1024761
187.823 1025101
187.825 1025441
187.827 1021021
187.827 1025441
188.014 1025781
188.016 1026121
188.017 1026461
188.019 1026801
188.208 1027141
188.208 1027481
188.208 1027821
188.401 1028161
188.401 1028501
188.401 1028841
188.401 1029181
188.594 1029521
188.594 1029861
188.597 1030201
188.597 1030541
188.786 1030881
188.786 1031221
188.789 1031561
188.789 1031901
188.789 1032241
188.978 1032581
188.978 1032921
188.981 1033261
188.981 1033601
188.984 1033941
188.984 1034281
189.172 1034621
189.172 1034961
189.175 1035301
189.175 1035641
189.178 1035981
189.178 1036321
189.178 1036661
189.365 1037001
189.365 1037341
189.368 1037681
189.368 1038021
189.372 1038361
189.372 1038701
189.557 1039041
189.557 1039381
189.561 1039721
189.561 1040061
189.564 1040401
189.564 1040741
189.751 1041081
189.753 1041421
189.754 1041761
189.756 1038701
189.756 1041761
189.947 1042101
189.948 1042441
190.14 1042781
190.14 1043121
190.14 1043461
190.334 1043801
190.334 1044141
190.526 1044481
190.526 1044821
190.718 1045161
190.718 1045501
190.718 1045841
190.91 1046181
190.91 1046521
190.914 1046861
190.914 1047201
191.104 1047541
191.104 1047881
191.107 1048221
191.107 1048561
191.107 1048901
191.298 1049241
191.298 1049581
191.301 1049921
191.301 1050261
191.49 1050601
191.49 1050941
191.493 1051281
191.493 1051621
191.682 1051961
191.682 1052301
191.685 1052641
191.685 1052981
191.685 1053321
191.874 1053661
191.874 1054001
191.877 1054341
191.877 1054681
191.881 1055021
191.881 1055361
192.068 1055701
192.068 1056041
192.071 1056381
192.071 1056721
192.074 1057061
192.074 1057401
192.074 1057741
192.262 1058081
192.262 1058421
192.265 1058761
192.265 1059101
192.27 1059441
192.454 1059781
192.455 1060121
192.457 1057061
192.457 1060121
192.649 1060461
193.041 1060801
193.041 1061141
193.235 1061481
193.235 1061821
193.235 1062161
193.429 1062501
193.429 1062841
193.621 1063181
193.621 1063521
193.813 1063861
193.813 1064201
193.813 1064541
194.005 1064881
194.005 1065221
194.008 1065561
194.008 1065901
194.199 1066241
194.199 1066581
194.202 1066921
194.202 1067261
194.202 1067601
194.393 1067941
194.393 1068281
194.397 1068621
194.585 1068961
194.586 1069301
194.59 1066921
194.59 1069301
194.782 1069641
195.174 1069981
195.174 1070321
195.368 1070661
195.368 1071001
195.561 1071341
195.561 1071681
195.755 1072021
195.755 1072361
195.755 1072701
195.949 1073041
195.949 1073381
196.141 1073721
196.141 1074061
196.333 1074401
196.333 1074741
196.333 1075081
196.525 1075421
196.525 1075761
196.528 1076101
196.528 1076441
196.719 1076781
196.719 1077121
196.722 1077461
196.722 1077801
196.913 1078141
196.913 1078481
196.913 1078821
196.916 1079161
196.916 1079501
197.106 1079841
197.106 1080181
197.11 1080521
197.11 1080861
197.299 1081201
197.299 1081541
197.302 1081881
197.302 1082221
197.302 1082561
197.491 1082901
197.491 1083241
197.494 1083581
197.494 1083921
197.497 1084261
197.497 1084601
197.684 1084941
197.684 1085281
197.688 1085621
197.688 1085961
197.691 1086301
197.691 1086641
197.691 1086981
197.878 1087321
197.878 1087661
197.881 1088001
197.881 1088341
197.885 1088681
197.885 1089021
198.07 1089361
198.07 1089701
198.073 1090041
198.073 1090381
198.077 1090721
198.077 1091061
198.262 1091401
198.262 1091741
198.266 1092081
198.266 1092421
198.266 1092761
198.269 1093101
198.269 1093441
198.455 1093781
198.455 1094121
198.461 1094461
198.461 1094801
198.461 1095141
198.461 1095481
198.464 1095821
198.464 1096161
198.648 1096501
198.653 1096841
198.655 1093441
198.655 1096841
198.845 1097181
198.847 1095141
198.847 1097181
198.847 1097521
199.037 1097861
199.039 1098201
199.23 1098541
199.23 1098881
199.23 1099221
199.422 1099561
199.422 1099901
199.425 1100241
199.425 1100581
199.615 1100921
199.615 1101261
199.619 1101601
199.619 1101941
199.619 1102281
199.809 1102621
199.809 1102961
199.812 1103301
199.812 1103641
200.001 1103981
200.001 1104321
200.004 1104661
200.004 1105001
