0.0 3
0.690095 2.07
1.3805 1.725
2.07118 1.46738
2.76186 1.27317
2.96218 1.35341
3.45255 1.21505
3.65255 1.2905
3.85286 1.3264
4.14323 1.2384
4.34291 1.27721
4.34354 1.21288
4.54354 1.15436
4.83391 1.10235
5.03328 1.18065
5.03391 1.1343
5.03454 1.09003
5.23391 1.16885
5.23454 1.12833
5.52459 1.08807
5.72364 1.16567
5.72427 1.12787
5.7249 1.08941
5.72553 1.05085
5.72616 1.01433
5.92459 1
6.41401 1.04674
6.41464 1.01034
6.41527 1
7.10437 1.07844
7.105 1.03932
7.10563 1.00276
7.10626 1
7.50784 1.01521
7.59632 1
14.7655 1.03947
14.7661 1.11398
14.7667 1.15259
14.7673 1.16467
14.768 1.15985
14.7686 1.1441
14.7692 1.12167
14.7699 1.09555
14.7705 1.06696
14.7711 1.03854
14.7718 1.01112
14.7724 1
15.4791 1.00046
15.4797 1.00008
15.4803 1
15.4822 1.00011
15.4829 1.00013
15.4835 1
15.4841 1.00086
15.4847 1.00128
15.4854 1.0014
15.486 1.00243
15.4866 1.00293
15.4873 1.00308
15.4879 1.00186
15.4885 1.002
15.4892 1.00306
15.4898 1.00248
15.4904 1.00305
15.491 1.00326
15.4917 1.00324
15.4923 1.00419
15.4929 1.00352
15.4936 1.00291
15.4942 1.00348
15.4948 1.00372
15.4955 1.00372
15.4961 1.00471
15.4967 1.0052
15.4973 1.00537
15.498 1.00531
15.4986 1.0051
15.4992 1.00593
15.4999 1.00632
15.5005 1.00641
15.5011 1.0063
15.5018 1.00607
15.5024 1.00688
15.503 1.00726
15.5037 1.00734
15.5043 1.00835
15.5049 1.00773
15.5055 1.00826
15.5062 1.00845
15.5068 1.0084
15.5074 1.00933
15.5081 1.00977
15.5087 1.00875
15.5093 1.00903
15.51 1.00905
15.5106 1.00891
15.5112 1.00979
15.5118 1.01022
15.5125 1.01034
15.5131 1.01137
15.5137 1.01076
15.5144 1.0113
15.515 1.01262
15.5156 1.01218
15.5163 1.0117
15.5169 1.0112
15.5175 1.01184
15.5182 1.01211
15.5188 1.01213
15.5194 1.01198
15.52 1.01285
15.5207 1.01327
15.5213 1.01338
15.5219 1.01328
15.5226 1.01418
15.5232 1.01461
15.5238 1.01359
15.5245 1.01387
15.5251 1.01503
15.5257 1.0145
15.5263 1.01511
15.527 1.01423
15.5276 1.01461
15.5282 1.01584
15.5289 1.01537
15.5295 1.01602
15.5301 1.01742
15.5308 1.01704
15.5314 1.0166
15.532 1.01726
15.5327 1.01753
15.5333 1.01754
15.5339 1.01737
15.5345 1.01709
15.5352 1.01787
15.5358 1.01823
15.5364 1.01831
15.5371 1.01819
15.5377 1.01795
15.5383 1.01876
15.539 1.01802
15.5396 1.01851
15.5402 1.01981
15.5408 1.01938
15.5415 1.02006
15.5421 1.02035
15.5427 1.02037
15.5434 1.02135
15.544 1.02069
15.5446 1.02008
15.5453 1.02065
15.5459 1.02088
15.5465 1.02087
15.5472 1.02185
15.5478 1.02233
15.5484 1.02248
15.549 1.02354
15.5497 1.02293
15.5503 1.02347
15.5509 1.02366
15.5516 1.0236
15.5522 1.02339
15.5528 1.02308
15.5535 1.02385
15.5541 1.0242
15.5547 1.02426
15.5553 1.02527
15.556 1.02464
15.5566 1.02517
15.5572 1.02536
15.5579 1.02532
15.5585 1.02625
15.5591 1.0267
15.5598 1.02569
15.5604 1.02597
15.561 1.02713
15.5617 1.0266
15.5623 1.02721
15.5629 1.02631
15.5635 1.02669
15.5642 1.02791
15.5648 1.02744
15.5654 1.02808
15.5661 1.02947
15.5667 1.02908
15.5673 1.02864
15.568 1.02817
15.5686 1.02883
15.5692 1.02911
15.5698 1.02914
15.5705 1.02899
15.5711 1.02987
15.5717 1.03029
15.5724 1.0304
15.573 1.0303
15.5736 1.0312
15.5743 1.03163
15.5749 1.0306
15.5755 1.03088
15.5761 1.03204
15.5768 1.03152
15.5774 1.03212
15.578 1.03236
15.5787 1.03235
15.5793 1.0333
15.5799 1.03264
15.5806 1.03202
15.5812 1.03259
15.5818 1.03282
15.5825 1.03282
15.5831 1.03379
15.5837 1.03428
15.5843 1.03443
15.585 1.03437
15.5856 1.03416
15.5862 1.03498
15.5869 1.03537
15.5875 1.03545
15.5881 1.03534
15.5888 1.0351
15.5894 1.0359
15.59 1.03628
15.5906 1.03636
15.5913 1.03737
15.5919 1.03674
15.5925 1.03728
15.5932 1.03746
15.5938 1.03741
15.5944 1.03833
15.5951 1.03877
15.5957 1.03776
15.5963 1.03803
15.597 1.03806
15.5976 1.03792
15.5982 1.0388
15.5988 1.03922
15.5995 1.03934
15.6001 1.04037
15.6007 1.03976
15.6014 1.0403
15.602 1.04049
15.6026 1.04045
15.6033 1.04024
15.6039 1.03995
15.6045 1.04072
15.6051 1.04109
15.6058 1.04117
15.6064 1.04106
15.607 1.04195
15.6077 1.04238
15.6083 1.0425
15.6089 1.0424
15.6096 1.0433
15.6102 1.04372
15.6108 1.04269
15.6115 1.04296
15.6121 1.04411
15.6127 1.04358
15.6133 1.04418
15.614 1.04329
15.6146 1.04367
15.6152 1.04489
15.6159 1.04442
15.6165 1.04506
15.6171 1.04645
15.6178 1.04607
15.6184 1.04563
15.619 1.04629
15.6196 1.04655
15.6203 1.04656
15.6209 1.04638
15.6215 1.0461
15.6222 1.04688
15.6228 1.04724
15.6234 1.04732
15.6241 1.0472
15.6247 1.04696
15.6253 1.04777
15.626 1.04703
15.6266 1.04751
15.6272 1.04881
15.6278 1.04839
15.6285 1.04907
15.6291 1.04936
15.6297 1.04938
15.6304 1.05035
15.631 1.04969
15.6316 1.04909
15.6323 1.04965
15.6329 1.04988
15.6335 1.04988
15.6341 1.05085
15.6348 1.05133
15.6354 1.05148
15.636 1.05254
15.6367 1.05193
15.6373 1.05247
15.6379 1.05266
15.6386 1.0526
15.6392 1.05239
15.6398 1.05208
15.6405 1.05285
15.6411 1.0532
15.6417 1.05326
15.6423 1.05427
15.643 1.05364
15.6436 1.05417
15.6442 1.05436
15.6449 1.05432
15.6455 1.05525
15.6461 1.0557
15.6468 1.05469
15.6474 1.05497
15.648 1.05613
15.6486 1.0556
15.6493 1.05621
15.6499 1.05531
15.6505 1.05569
15.6512 1.05691
15.6518 1.05644
15.6524 1.05708
15.6531 1.05847
15.6537 1.05808
15.6543 1.05764
15.6549 1.05717
15.6556 1.05783
15.6562 1.05811
15.6568 1.05814
15.6575 1.05799
15.6581 1.05887
15.6587 1.05929
15.6594 1.0594
15.66 1.0593
15.6606 1.0602
15.6613 1.06063
15.6619 1.0596
15.6625 1.05988
15.6631 1.06104
15.6638 1.06052
15.6644 1.06112
15.665 1.06136
15.6657 1.06135
15.6663 1.0623
15.6669 1.06164
15.6676 1.06102
15.6682 1.06159
15.6688 1.06182
15.6694 1.06182
15.6701 1.06279
15.6707 1.06328
15.6713 1.06343
15.672 1.06337
15.6726 1.06316
15.6732 1.06398
15.6739 1.06437
15.6745 1.06445
15.6751 1.06434
15.6758 1.0641
15.6764 1.0649
15.677 1.06528
15.6776 1.06536
15.6783 1.06637
15.6789 1.06574
15.6795 1.06628
15.6802 1.06646
15.6808 1.06641
15.6814 1.06733
15.6821 1.06777
15.6827 1.06676
15.6833 1.06703
15.6839 1.06706
15.6846 1.06692
15.6852 1.0678
15.6858 1.06822
15.6865 1.06834
15.6871 1.06937
15.6877 1.06876
15.6884 1.0693
15.689 1.06949
15.6896 1.06945
15.6903 1.06924
15.6909 1.06895
15.6915 1.06972
15.6921 1.07009
15.6928 1.07017
15.6934 1.07006
15.694 1.07095
15.6947 1.07138
15.6953 1.0715
15.6959 1.0714
15.6966 1.0723
15.6972 1.07272
15.6978 1.07169
15.6984 1.07196
15.6991 1.07311
15.6997 1.07258
15.7003 1.07318
15.701 1.07229
15.7016 1.07267
15.7022 1.07389
15.7029 1.07342
15.7035 1.07406
15.7041 1.07545
15.7048 1.07507
15.7054 1.07463
15.706 1.07529
15.7066 1.07555
15.7073 1.07556
15.7079 1.07538
15.7085 1.0751
15.7092 1.07588
15.7098 1.07624
15.7104 1.07632
15.7111 1.0762
15.7117 1.07596
15.7123 1.07677
15.7129 1.07603
15.7136 1.07651
15.7142 1.07781
15.7148 1.07739
15.7155 1.07807
15.7161 1.07836
15.7167 1.07838
15.7174 1.07935
15.718 1.07869
15.7186 1.07809
15.7193 1.07865
15.7199 1.07888
15.7205 1.07888
15.7211 1.07985
15.7218 1.08033
15.7224 1.08048
15.723 1.08154
15.7237 1.08093
15.7243 1.08147
15.7249 1.08166
15.7256 1.0816
15.7262 1.08139
15.7268 1.08108
15.7274 1.08185
15.7281 1.0822
15.7287 1.08226
15.7293 1.08327
15.73 1.08264
15.7306 1.08317
15.7312 1.08336
15.7319 1.08332
15.7325 1.08425
15.7331 1.0847
15.7337 1.08369
15.7344 1.08397
15.735 1.08513
15.7356 1.0846
15.7363 1.08521
15.7369 1.08431
15.7375 1.08469
15.7382 1.08591
15.7388 1.08544
15.7394 1.08608
15.7401 1.08747
15.7407 1.08708
15.7413 1.08664
15.7419 1.08617
15.7426 1.08683
15.7432 1.08711
15.7438 1.08714
15.7445 1.08699
15.7451 1.08787
15.7457 1.08829
15.7464 1.0884
15.747 1.0883
15.7476 1.0892
15.7482 1.08963
15.7489 1.0886
15.7495 1.08888
15.7501 1.09004
15.7508 1.08952
15.7514 1.09012
15.752 1.09036
15.7527 1.09035
15.7533 1.0913
15.7539 1.09064
15.7546 1.09002
15.7552 1.09059
15.7558 1.09082
15.7564 1.09082
15.7571 1.09179
15.7577 1.09228
15.7583 1.09243
15.759 1.09237
15.7596 1.09216
15.7602 1.09298
15.7609 1.09337
15.7615 1.09345
15.7621 1.09334
15.7627 1.0931
15.7634 1.0939
15.764 1.09428
15.7646 1.09436
15.7653 1.09537
15.7659 1.09474
15.7665 1.09528
15.7672 1.09546
15.7678 1.09541
15.7684 1.09633
15.7691 1.09677
15.7697 1.09576
15.7703 1.09603
15.7709 1.09606
15.7716 1.09592
15.7722 1.0968
15.7728 1.09722
15.7735 1.09734
15.7741 1.09837
15.7747 1.09776
15.7754 1.0983
15.776 1.09849
15.7766 1.09845
15.7772 1.09824
15.7779 1.09795
15.7785 1.09872
15.7791 1.09909
15.7798 1.09917
15.7804 1.09906
15.781 1.09995
15.7817 1.10038
15.7823 1.1005
15.7829 1.1004
15.7836 1.1013
15.7842 1.10172
15.7848 1.10069
15.7854 1.10096
15.7861 1.10211
15.7867 1.10158
15.7873 1.10218
15.788 1.10129
15.7886 1.10167
15.7892 1.10289
15.7899 1.10242
15.7905 1.10306
15.7911 1.10445
15.7917 1.10407
15.7924 1.10363
15.793 1.10429
15.7936 1.10455
15.7943 1.10456
15.7949 1.10438
15.7955 1.1041
15.7962 1.10488
15.7968 1.10524
15.7974 1.10532
15.7981 1.1052
15.7987 1.10496
15.7993 1.10577
15.7999 1.10503
15.8006 1.10551
15.8012 1.10681
15.8018 1.10639
15.8025 1.10707
15.8031 1.10736
15.8037 1.10738
15.8044 1.10835
15.805 1.10769
15.8056 1.10709
15.8062 1.10765
15.8069 1.10788
15.8075 1.10788
15.8081 1.10885
15.8088 1.10933
15.8094 1.10948
15.81 1.11054
15.8107 1.10993
15.8113 1.11047
15.8119 1.11066
15.8125 1.1106
15.8132 1.11039
15.8138 1.11008
15.8144 1.11085
15.8151 1.1112
15.8157 1.11126
15.8163 1.11227
15.817 1.11164
15.8176 1.11217
15.8182 1.11236
15.8189 1.11232
15.8195 1.11325
15.8201 1.1137
15.8207 1.11269
15.8214 1.11297
15.822 1.11413
15.8226 1.1136
15.8233 1.11421
15.8239 1.11331
15.8245 1.11369
15.8252 1.11491
15.8258 1.11444
15.8264 1.11508
15.827 1.11647
15.8277 1.11608
15.8283 1.11564
15.8289 1.11517
15.8296 1.11583
15.8302 1.11611
15.8308 1.11614
15.8315 1.11599
15.8321 1.11687
15.8327 1.11729
15.8334 1.1174
15.834 1.1173
15.8346 1.1182
15.8352 1.11863
15.8359 1.1176
15.8365 1.11788
15.8371 1.11904
15.8378 1.11852
15.8384 1.11912
15.839 1.11936
15.8397 1.11935
15.8403 1.1203
15.8409 1.11964
15.8415 1.11902
15.8422 1.11959
15.8428 1.11982
15.8434 1.11982
15.8441 1.12079
15.8447 1.12128
15.8453 1.12143
15.846 1.12137
15.8466 1.12116
15.8472 1.12198
15.8479 1.12237
15.8485 1.12245
15.8491 1.12234
15.8497 1.1221
15.8504 1.1229
15.851 1.12328
15.8516 1.12336
15.8523 1.12437
15.8529 1.12374
15.8535 1.12428
15.8542 1.12446
15.8548 1.12441
15.8554 1.12533
15.856 1.12577
15.8567 1.12476
15.8573 1.12503
15.8579 1.12506
15.8586 1.12492
15.8592 1.1258
15.8598 1.12622
15.8605 1.12634
15.8611 1.12737
15.8617 1.12676
15.8624 1.1273
15.863 1.12749
15.8636 1.12745
15.8642 1.12724
15.8649 1.12695
15.8655 1.12772
15.8661 1.12809
15.8668 1.12817
15.8674 1.12806
15.868 1.12895
15.8687 1.12938
15.8693 1.1295
15.8699 1.1294
15.8705 1.1303
15.8712 1.13072
15.8718 1.12969
15.8724 1.12996
15.8731 1.13111
15.8737 1.13058
15.8743 1.13118
15.875 1.13029
15.8756 1.13067
15.8762 1.13189
15.8769 1.13142
15.8775 1.13206
15.8781 1.13345
15.8787 1.13307
15.8794 1.13263
15.88 1.13329
15.8806 1.13355
15.8813 1.13356
15.8819 1.13338
15.8825 1.1331
15.8832 1.13388
15.8838 1.13424
15.8844 1.13432
15.885 1.13532
15.8857 1.13582
15.8863 1.13596
15.8869 1.13474
15.8876 1.13489
15.8882 1.13596
15.8888 1.13538
15.8895 1.13595
15.8901 1.13618
15.8907 1.13616
15.8913 1.13712
15.892 1.13646
15.8926 1.13586
15.8932 1.13643
15.8939 1.13667
15.8945 1.13669
15.8951 1.13767
15.8958 1.13817
15.8964 1.13834
15.897 1.13941
15.8977 1.13881
15.8983 1.13937
15.8989 1.13956
15.8995 1.13952
15.9002 1.13932
15.9008 1.13902
15.9014 1.13979
15.9021 1.14015
15.9027 1.14022
15.9033 1.14123
15.904 1.1406
15.9046 1.14114
15.9052 1.14134
15.9058 1.1413
15.9065 1.14223
15.9071 1.14268
15.9077 1.14167
15.9084 1.14196
15.909 1.14312
15.9096 1.14259
15.9103 1.1432
15.9109 1.14231
15.9115 1.14268
15.9122 1.14391
15.9128 1.14343
15.9134 1.14408
15.914 1.14547
15.9147 1.14508
15.9153 1.14464
15.9159 1.14417
15.9166 1.14483
15.9172 1.14511
15.9178 1.14513
15.9185 1.14499
15.9191 1.14586
15.9197 1.14629
15.9203 1.1464
15.921 1.1463
15.9216 1.1472
15.9222 1.14762
15.9229 1.1466
15.9235 1.14688
15.9241 1.14804
15.9248 1.14752
15.9254 1.14812
15.926 1.14836
15.9267 1.14835
15.9273 1.1493
15.9279 1.14864
15.9285 1.14915
15.9292 1.15045
15.9298 1.15001
15.9304 1.14953
15.9311 1.15017
15.9317 1.15042
15.9323 1.15042
15.933 1.15025
15.9336 1.14998
15.9342 1.15077
15.9348 1.15114
15.9355 1.15122
15.9361 1.15111
15.9367 1.15088
15.9374 1.1517
15.938 1.15096
15.9386 1.15145
15.9393 1.15276
15.9399 1.15234
15.9405 1.15303
15.9412 1.15332
15.9418 1.15335
15.9424 1.15432
15.943 1.15479
15.9437 1.1538
15.9443 1.15409
15.9449 1.15412
15.9456 1.15398
15.9462 1.15486
15.9468 1.15528
15.9475 1.1554
15.9481 1.15643
15.9487 1.15581
15.9493 1.15635
15.95 1.15653
15.9506 1.15648
15.9512 1.15628
15.9519 1.15598
15.9525 1.15675
15.9531 1.15711
15.9538 1.15719
15.9544 1.15707
15.955 1.15797
15.9557 1.1584
15.9563 1.15851
15.9569 1.15841
15.9575 1.15931
15.9582 1.15972
15.9588 1.1587
15.9594 1.15897
15.9601 1.16012
15.9607 1.15959
15.9613 1.16019
15.962 1.15929
15.9626 1.15967
15.9632 1.16089
15.9638 1.16042
15.9645 1.16106
15.9651 1.16245
15.9657 1.16207
15.9664 1.16163
15.967 1.16116
15.9676 1.16182
15.9683 1.1621
15.9689 1.16213
15.9695 1.16198
15.9701 1.16286
15.9708 1.16328
15.9714 1.16339
15.972 1.16442
15.9727 1.16493
15.9733 1.16508
15.9739 1.16386
15.9746 1.164
15.9752 1.16506
15.9758 1.16448
15.9765 1.16505
15.9771 1.16526
15.9777 1.16524
15.9783 1.16619
15.979 1.16552
15.9796 1.16491
15.9802 1.16548
15.9809 1.16572
15.9815 1.16572
15.9821 1.16671
15.9828 1.1672
15.9834 1.16737
15.984 1.16843
15.9846 1.16784
15.9853 1.16839
15.9859 1.16858
15.9865 1.16853
15.9872 1.16833
15.9878 1.16803
15.9884 1.1688
15.9891 1.16916
15.9897 1.16923
15.9903 1.17024
15.991 1.16961
15.9916 1.17015
15.9922 1.17034
15.9928 1.1703
15.9935 1.17123
15.9941 1.17168
15.9947 1.17067
15.9954 1.17096
15.996 1.17099
15.9966 1.17086
15.9973 1.17174
15.9979 1.17105
15.9985 1.17156
15.9991 1.17288
15.9998 1.17247
16.0004 1.17315
16.001 1.17457
16.0017 1.17419
16.0023 1.17376
16.0029 1.17329
16.0036 1.17394
16.0042 1.17422
16.0048 1.17423
16.0055 1.17408
16.0061 1.17495
16.0067 1.17536
16.0073 1.17547
16.008 1.17536
16.0086 1.17625
16.0092 1.17667
16.0099 1.17565
16.0105 1.17592
16.0111 1.17707
16.0118 1.17654
16.0124 1.17715
16.013 1.17739
16.0136 1.17737
16.0143 1.17832
16.0149 1.17765
16.0155 1.17816
16.0162 1.17946
16.0168 1.17902
16.0174 1.17854
16.0181 1.17917
16.0187 1.17943
16.0193 1.17943
16.02 1.17926
16.0206 1.17898
16.0212 1.17977
16.0218 1.18014
16.0225 1.18022
16.0231 1.18011
16.0237 1.17988
16.0244 1.1807
16.025 1.17996
16.0256 1.18045
16.0263 1.18176
16.0269 1.18134
16.0275 1.18203
16.0281 1.18232
16.0288 1.18235
16.0294 1.18332
16.03 1.18379
16.0307 1.1828
16.0313 1.18309
16.0319 1.18312
16.0326 1.18298
16.0332 1.18386
16.0338 1.18428
16.0345 1.1844
16.0351 1.18543
16.0357 1.18481
16.0363 1.18535
16.037 1.18553
16.0376 1.18548
16.0382 1.18528
16.0389 1.18498
16.0395 1.18575
16.0401 1.18611
16.0408 1.18619
16.0414 1.18607
16.042 1.18697
16.0426 1.1874
16.0433 1.18751
16.0439 1.18741
16.0445 1.18831
16.0452 1.18872
16.0458 1.1877
16.0464 1.18797
16.0471 1.18912
16.0477 1.18859
16.0483 1.18919
16.0489 1.18829
16.0496 1.18867
16.0502 1.18989
16.0508 1.18942
16.0515 1.19006
16.0521 1.19145
16.0527 1.19107
16.0534 1.19063
16.054 1.19016
16.0546 1.19082
16.0553 1.1911
16.0559 1.19113
16.0565 1.19098
16.0571 1.19186
16.0578 1.19228
16.0584 1.19239
16.059 1.19342
16.0597 1.19393
16.0603 1.19408
16.0609 1.19286
16.0616 1.193
16.0622 1.19406
16.0628 1.19348
16.0634 1.19405
16.0641 1.19426
16.0647 1.19424
16.0653 1.19519
16.066 1.19452
16.0666 1.19391
16.0672 1.19448
16.0679 1.19472
16.0685 1.19472
16.0691 1.19571
16.0698 1.1962
16.0704 1.19637
16.071 1.19743
16.0716 1.19684
16.0723 1.19739
16.0729 1.19758
16.0735 1.19753
16.0742 1.19733
16.0748 1.19703
16.0754 1.1978
16.0761 1.19816
16.0767 1.19823
16.0773 1.19924
16.0779 1.19861
16.0786 1.19915
16.0792 1.19934
16.0798 1.1993
16.0805 1.20023
16.0811 1.20068
16.0817 1.19967
16.0824 1.19996
16.083 1.19999
16.0836 1.19986
16.0843 1.20074
16.0849 1.20005
16.0855 1.20056
16.0861 1.20188
16.0868 1.20147
16.0874 1.20215
16.088 1.20357
16.0887 1.20319
16.0893 1.20276
16.0899 1.20229
16.0906 1.20294
16.0912 1.20322
16.0918 1.20323
16.0924 1.20308
16.0931 1.20395
16.0937 1.20436
16.0943 1.20447
16.095 1.20436
16.0956 1.20525
16.0962 1.20567
16.0969 1.20465
16.0975 1.20492
16.0981 1.20607
16.0988 1.20554
16.0994 1.20615
16.1 1.20639
16.1006 1.20637
16.1013 1.20732
16.1019 1.20665
16.1025 1.20716
16.1032 1.20846
16.1038 1.20802
16.1044 1.20754
16.1051 1.20817
16.1057 1.20843
16.1063 1.20843
16.1069 1.20826
16.1076 1.20798
16.1082 1.20877
16.1088 1.20914
16.1095 1.20922
16.1101 1.20911
16.1107 1.20888
16.1114 1.2097
16.112 1.20896
16.1126 1.20945
16.1133 1.21076
16.1139 1.21034
16.1145 1.21103
16.1151 1.21132
16.1158 1.21135
16.1164 1.21232
16.117 1.21279
16.1177 1.2118
16.1183 1.21209
16.1189 1.21212
16.1196 1.21198
16.1202 1.21286
16.1208 1.21328
16.1214 1.2134
16.1221 1.21443
16.1227 1.21381
16.1233 1.21435
16.124 1.21453
16.1246 1.21448
16.1252 1.21428
16.1259 1.21398
16.1265 1.21475
16.1271 1.21511
16.1277 1.21519
16.1284 1.21507
16.129 1.21597
16.1296 1.2164
16.1303 1.21651
16.1309 1.21641
16.1315 1.21731
16.1322 1.21772
16.1328 1.2167
16.1334 1.21697
16.1341 1.21812
16.1347 1.21759
16.1353 1.21819
16.1359 1.21729
16.1366 1.21767
16.1372 1.21889
16.1378 1.21842
16.1385 1.21906
16.1391 1.22045
16.1397 1.22007
16.1404 1.21963
16.141 1.21916
16.1416 1.21982
16.1422 1.2201
16.1429 1.22013
16.1435 1.21998
16.1441 1.22086
16.1448 1.22128
16.1454 1.22139
16.146 1.22242
16.1467 1.22293
16.1473 1.22308
16.1479 1.22186
16.1486 1.222
16.1492 1.22306
16.1498 1.22248
16.1504 1.22305
16.1511 1.22326
16.1517 1.22324
16.1523 1.22419
16.153 1.22352
16.1536 1.22291
16.1542 1.22348
16.1549 1.22372
16.1555 1.22372
16.1561 1.22471
16.1567 1.2252
16.1574 1.22537
16.158 1.22643
16.1586 1.22584
16.1593 1.22639
16.1599 1.22658
16.1605 1.22653
16.1612 1.22633
16.1618 1.22603
16.1624 1.2268
16.1631 1.22716
16.1637 1.22723
16.1643 1.22824
16.1649 1.22761
16.1656 1.22815
16.1662 1.22834
16.1668 1.2283
16.1675 1.22923
16.1681 1.22968
16.1687 1.22867
16.1694 1.22896
16.17 1.22899
16.1706 1.22886
16.1712 1.22974
16.1719 1.22905
16.1725 1.22956
16.1731 1.23088
16.1738 1.23047
16.1744 1.23115
16.175 1.23257
16.1757 1.23219
16.1763 1.23176
16.1769 1.23129
16.1776 1.23194
16.1782 1.23222
16.1788 1.23223
16.1794 1.23208
16.1801 1.23295
16.1807 1.23336
16.1813 1.23347
16.182 1.23336
16.1826 1.23425
16.1832 1.23467
16.1839 1.23365
16.1845 1.23392
16.1851 1.23507
16.1857 1.23454
16.1864 1.23515
16.187 1.23539
16.1876 1.23537
16.1883 1.23632
16.1889 1.23565
16.1895 1.23616
16.1902 1.23746
16.1908 1.23702
16.1914 1.23654
16.1921 1.23717
16.1927 1.23743
16.1933 1.23743
16.1939 1.23726
16.1946 1.23698
16.1952 1.23777
16.1958 1.23814
16.1965 1.23822
16.1971 1.23811
16.1977 1.23788
16.1984 1.2387
16.199 1.23796
16.1996 1.23845
16.2002 1.23976
16.2009 1.23934
16.2015 1.24003
16.2021 1.24032
16.2028 1.24035
16.2034 1.24132
16.204 1.24179
16.2047 1.2408
16.2053 1.24109
16.2059 1.24112
16.2065 1.24098
16.2072 1.24186
16.2078 1.24228
16.2084 1.2424
16.2091 1.24343
16.2097 1.24281
16.2103 1.24335
16.211 1.24353
16.2116 1.24348
16.2122 1.24328
16.2129 1.24298
16.2135 1.24375
16.2141 1.24411
16.2147 1.24419
16.2154 1.24407
16.216 1.24497
16.2166 1.2454
16.2173 1.24551
16.2179 1.24541
16.2185 1.24631
16.2192 1.24672
16.2198 1.2457
16.2204 1.24597
16.221 1.24712
16.2217 1.24659
16.2223 1.24719
16.2229 1.24629
16.2236 1.24667
16.2242 1.24789
16.2248 1.24742
16.2255 1.24806
16.2261 1.24945
16.2267 1.24907
16.2274 1.24863
16.228 1.24816
16.2286 1.24882
16.2292 1.2491
16.2299 1.24913
16.2305 1.24898
16.2311 1.24986
16.2318 1.25028
16.2324 1.25039
16.233 1.25142
16.2337 1.25193
16.2343 1.25208
16.2349 1.25086
16.2355 1.251
16.2362 1.25206
16.2368 1.25148
16.2374 1.25205
16.2381 1.25226
16.2387 1.25224
16.2393 1.25319
16.24 1.25252
16.2406 1.25191
16.2412 1.25248
16.2419 1.25272
16.2425 1.25272
16.2431 1.25371
16.2437 1.2542
16.2444 1.25437
16.245 1.25543
16.2456 1.25484
16.2463 1.25539
16.2469 1.25558
16.2475 1.25553
16.2482 1.25533
16.2488 1.25503
16.2494 1.2558
16.25 1.25616
16.2507 1.25623
16.2513 1.25724
16.2519 1.25661
16.2526 1.25715
16.2532 1.25734
16.2538 1.2573
16.2545 1.25823
16.2551 1.25868
16.2557 1.25767
16.2564 1.25796
16.257 1.25799
16.2576 1.25786
16.2582 1.25874
16.2589 1.25805
16.2595 1.25856
16.2601 1.25988
16.2608 1.25947
16.2614 1.26015
16.262 1.26157
16.2627 1.26119
16.2633 1.26076
16.2639 1.26029
16.2645 1.26094
16.2652 1.26122
16.2658 1.26123
16.2664 1.26108
16.2671 1.26195
16.2677 1.26236
16.2683 1.26247
16.269 1.26236
16.2696 1.26325
16.2702 1.26367
16.2709 1.26265
16.2715 1.26292
16.2721 1.26407
16.2727 1.26354
16.2734 1.26415
16.274 1.26439
16.2746 1.26437
16.2753 1.26532
16.2759 1.26465
16.2765 1.26516
16.2772 1.26646
16.2778 1.26602
16.2784 1.26554
16.279 1.26617
16.2797 1.26643
16.2803 1.26643
16.2809 1.26626
16.2816 1.26598
16.2822 1.26677
16.2828 1.26714
16.2835 1.26722
16.2841 1.26711
16.2847 1.26688
16.2853 1.2677
16.286 1.26696
16.2866 1.26745
16.2872 1.26876
16.2879 1.26834
16.2885 1.26903
16.2891 1.26932
16.2898 1.26935
16.2904 1.27032
16.291 1.27079
16.2917 1.2698
16.2923 1.27009
16.2929 1.27012
16.2935 1.26998
16.2942 1.27086
16.2948 1.27128
16.2954 1.2714
16.2961 1.27243
16.2967 1.27181
16.2973 1.27235
16.298 1.27253
16.2986 1.27248
16.2992 1.27228
16.2998 1.27198
16.3005 1.27275
16.3011 1.27311
16.3017 1.27319
16.3024 1.27307
16.303 1.27397
16.3036 1.2744
16.3043 1.27451
16.3049 1.27441
16.3055 1.27531
16.3062 1.27572
16.3068 1.2747
16.3074 1.27497
16.308 1.27612
16.3087 1.27559
16.3093 1.27619
16.3099 1.27529
16.3106 1.27567
16.3112 1.27689
16.3118 1.27642
16.3125 1.27706
16.3131 1.27845
16.3137 1.27807
16.3143 1.27763
16.315 1.27716
16.3156 1.27782
16.3162 1.2781
16.3169 1.27813
16.3175 1.27798
16.3181 1.27886
16.3188 1.27928
16.3194 1.27939
16.32 1.28042
16.3207 1.28093
16.3213 1.28108
16.3219 1.27986
16.3225 1.28
16.3232 1.28106
16.3238 1.28048
16.3244 1.28105
16.3251 1.28126
16.3257 1.28124
16.3263 1.28219
16.327 1.28152
16.3276 1.28091
16.3282 1.28148
16.3288 1.28172
16.3295 1.28172
16.3301 1.28271
16.3307 1.2832
16.3314 1.28337
16.332 1.28331
16.3326 1.2831
16.3333 1.28393
16.3339 1.28432
16.3345 1.28441
16.3352 1.2843
16.3358 1.28407
16.3364 1.28488
16.337 1.28526
16.3377 1.28534
16.3383 1.28635
16.3389 1.28573
16.3396 1.28626
16.3402 1.28645
16.3408 1.2864
16.3415 1.28733
16.3421 1.28777
16.3427 1.28675
16.3433 1.28703
16.344 1.28705
16.3446 1.28691
16.3452 1.28779
16.3459 1.28709
16.3465 1.2876
16.3471 1.28892
16.3478 1.2885
16.3484 1.28918
16.349 1.29059
16.3497 1.29021
16.3503 1.28977
16.3509 1.28931
16.3515 1.28996
16.3522 1.29023
16.3528 1.29024
16.3534 1.29009
16.3541 1.29096
16.3547 1.29137
16.3553 1.29147
16.356 1.29137
16.3566 1.29226
16.3572 1.29268
16.3578 1.29165
16.3585 1.29192
16.3591 1.29308
16.3597 1.29255
16.3604 1.29315
16.361 1.29226
16.3616 1.29264
16.3623 1.29387
16.3629 1.2934
16.3635 1.29404
16.3641 1.29544
16.3648 1.29505
16.3654 1.29461
16.366 1.29528
16.3667 1.29554
16.3673 1.29555
16.3679 1.29538
16.3686 1.2951
16.3692 1.29588
16.3698 1.29624
16.3705 1.29631
16.3711 1.29619
16.3717 1.29595
16.3723 1.29677
16.373 1.29603
16.3736 1.29651
16.3742 1.29781
16.3749 1.29739
16.3755 1.29807
16.3761 1.29835
16.3768 1.29838
16.3774 1.29935
16.378 1.29982
16.3786 1.29882
16.3793 1.29911
16.3799 1.29914
16.3805 1.299
16.3812 1.29987
16.3818 1.30029
16.3824 1.30041
16.3831 1.30144
16.3837 1.30082
16.3843 1.30135
16.385 1.30154
16.3856 1.30149
16.3862 1.30128
16.3868 1.30098
16.3875 1.30175
16.3881 1.30211
16.3887 1.30219
16.3894 1.30208
16.39 1.30184
16.3906 1.30266
16.3913 1.30306
16.3919 1.30316
16.3925 1.30419
16.3931 1.3047
16.3938 1.30373
16.3944 1.30405
16.395 1.30522
16.3957 1.3047
16.3963 1.3053
16.3969 1.30441
16.3976 1.30478
16.3982 1.306
16.3988 1.30552
16.3995 1.30615
16.4001 1.30754
16.4007 1.30715
16.4013 1.3067
16.402 1.30622
16.4026 1.30688
16.4032 1.30715
16.4039 1.30717
16.4045 1.30702
16.4051 1.30789
16.4058 1.30831
16.4064 1.30842
16.407 1.30945
16.4076 1.30995
16.4083 1.31009
16.4089 1.30887
16.4095 1.30901
16.4102 1.31007
16.4108 1.30949
16.4114 1.31006
16.4121 1.31027
16.4127 1.31025
16.4133 1.31119
16.414 1.31052
16.4146 1.30991
16.4152 1.31049
16.4158 1.31072
16.4165 1.31073
16.4171 1.31171
16.4177 1.3122
16.4184 1.31237
16.419 1.31231
16.4196 1.3121
16.4203 1.31293
16.4209 1.31332
16.4215 1.31341
16.4221 1.3133
16.4228 1.31307
16.4234 1.31388
16.424 1.31426
16.4247 1.31434
16.4253 1.31535
16.4259 1.31473
16.4266 1.31526
16.4272 1.31545
16.4278 1.3154
16.4285 1.31633
16.4291 1.31677
16.4297 1.31575
16.4303 1.31603
16.431 1.31605
16.4316 1.31591
16.4322 1.31679
16.4329 1.31609
16.4335 1.3166
16.4341 1.31792
16.4348 1.3175
16.4354 1.31818
16.436 1.31959
16.4366 1.31921
16.4373 1.31877
16.4379 1.31831
16.4385 1.31896
16.4392 1.31923
16.4398 1.31924
16.4404 1.31909
16.4411 1.31996
16.4417 1.32037
16.4423 1.32047
16.4429 1.32037
16.4436 1.32126
16.4442 1.32168
16.4448 1.32065
16.4455 1.32092
16.4461 1.32208
16.4467 1.32155
16.4474 1.32215
16.448 1.32126
16.4486 1.32164
16.4493 1.32287
16.4499 1.3224
16.4505 1.32304
16.4511 1.32444
16.4518 1.32405
16.4524 1.32361
16.453 1.32428
16.4537 1.32454
16.4543 1.32455
16.4549 1.32438
16.4556 1.3241
16.4562 1.32488
16.4568 1.32524
16.4574 1.32531
16.4581 1.32519
16.4587 1.32495
16.4593 1.32577
16.46 1.32503
16.4606 1.32551
16.4612 1.32681
16.4619 1.32639
16.4625 1.32707
16.4631 1.32735
16.4638 1.32738
16.4644 1.32835
16.465 1.32882
16.4656 1.32782
16.4663 1.32811
16.4669 1.32814
16.4675 1.328
16.4682 1.32887
16.4688 1.32929
16.4694 1.32941
16.4701 1.33044
16.4707 1.32982
16.4713 1.33035
16.4719 1.33054
16.4726 1.33049
16.4732 1.33028
16.4738 1.32998
16.4745 1.33075
16.4751 1.33111
16.4757 1.33119
16.4764 1.3322
16.477 1.33158
16.4776 1.33212
16.4783 1.33231
16.4789 1.33228
16.4795 1.33321
16.4801 1.33366
16.4808 1.33266
16.4814 1.33295
16.482 1.3341
16.4827 1.33358
16.4833 1.33419
16.4839 1.3333
16.4846 1.33368
16.4852 1.3349
16.4858 1.33443
16.4864 1.33507
16.4871 1.33646
16.4877 1.33608
16.4883 1.33564
16.489 1.33517
16.4896 1.33583
16.4902 1.33611
16.4909 1.33613
16.4915 1.33599
16.4921 1.33686
16.4928 1.33728
16.4934 1.3374
16.494 1.33843
16.4946 1.33893
16.4953 1.33908
16.4959 1.33786
16.4965 1.338
16.4972 1.33906
16.4978 1.33848
16.4984 1.33905
16.4991 1.33926
16.4997 1.33924
16.5003 1.34019
16.5009 1.33952
16.5016 1.33891
16.5022 1.33948
16.5028 1.33972
16.5035 1.33972
16.5041 1.34071
16.5047 1.3412
16.5054 1.34137
16.506 1.34131
16.5066 1.3411
16.5073 1.34193
16.5079 1.34232
16.5085 1.34241
16.5091 1.3423
16.5098 1.34207
16.5104 1.34288
16.511 1.34326
16.5117 1.34334
16.5123 1.34435
16.5129 1.34373
16.5136 1.34426
16.5142 1.34445
16.5148 1.3444
16.5154 1.34533
16.5161 1.34577
16.5167 1.34475
16.5173 1.34503
16.518 1.34505
16.5186 1.34491
16.5192 1.34579
16.5199 1.34622
16.5205 1.34634
16.5211 1.34737
16.5217 1.34676
16.5224 1.3473
16.523 1.34862
16.5236 1.34818
16.5243 1.3477
16.5249 1.3472
16.5255 1.34784
16.5262 1.34811
16.5268 1.34813
16.5274 1.34798
16.5281 1.34885
16.5287 1.34927
16.5293 1.34938
16.5299 1.34928
16.5306 1.35018
16.5312 1.35061
16.5318 1.34959
16.5325 1.34987
16.5331 1.35103
16.5337 1.3505
16.5344 1.35111
16.535 1.35023
16.5356 1.35061
16.5362 1.35184
16.5369 1.35137
16.5375 1.35202
16.5381 1.35342
16.5388 1.35304
16.5394 1.3526
16.54 1.35326
16.5407 1.35353
16.5413 1.35354
16.5419 1.35337
16.5426 1.35309
16.5432 1.35387
16.5438 1.35423
16.5444 1.35431
16.5451 1.35419
16.5457 1.35395
16.5463 1.35476
16.547 1.35402
16.5476 1.35451
16.5482 1.35581
16.5489 1.35538
16.5495 1.35606
16.5501 1.35635
16.5507 1.35637
16.5514 1.35735
16.552 1.35782
16.5526 1.35682
16.5533 1.35711
16.5539 1.35714
16.5545 1.35699
16.5552 1.35787
16.5558 1.35829
16.5564 1.35841
16.5571 1.35944
16.5577 1.35882
16.5583 1.35935
16.5589 1.35954
16.5596 1.35949
16.5602 1.35928
16.5608 1.35898
16.5615 1.35975
16.5621 1.36011
16.5627 1.36019
16.5634 1.3612
16.564 1.36058
16.5646 1.36112
16.5652 1.36131
16.5659 1.36128
16.5665 1.36221
16.5671 1.36266
16.5678 1.36166
16.5684 1.36195
16.569 1.3631
16.5697 1.36258
16.5703 1.36319
16.5709 1.3623
16.5716 1.36268
16.5722 1.3639
16.5728 1.36343
16.5734 1.36407
16.5741 1.36546
16.5747 1.36508
16.5753 1.36464
16.576 1.36417
16.5766 1.36483
16.5772 1.36511
16.5779 1.36513
16.5785 1.36499
16.5791 1.36586
16.5797 1.36628
16.5804 1.3664
16.581 1.36743
16.5816 1.36793
16.5823 1.36808
16.5829 1.36686
16.5835 1.367
16.5842 1.36806
16.5848 1.36748
16.5854 1.36805
16.5861 1.36826
16.5867 1.36824
16.5873 1.36919
16.5879 1.36852
16.5886 1.36791
16.5892 1.36848
16.5898 1.36872
16.5905 1.36872
16.5911 1.36971
16.5917 1.3702
16.5924 1.37037
16.593 1.37031
16.5936 1.3701
16.5942 1.37093
16.5949 1.37132
16.5955 1.37141
16.5961 1.3713
16.5968 1.37107
16.5974 1.37188
16.598 1.37226
16.5987 1.37234
16.5993 1.37335
16.5999 1.37273
16.6005 1.37326
16.6012 1.37345
16.6018 1.3734
16.6024 1.37433
16.6031 1.37477
16.6037 1.37375
16.6043 1.37403
16.605 1.37405
16.6056 1.37391
16.6062 1.37479
16.6069 1.37522
16.6075 1.37534
16.6081 1.37637
16.6087 1.37576
16.6094 1.3763
16.61 1.37762
16.6106 1.37718
16.6113 1.3767
16.6119 1.3762
16.6125 1.37684
16.6132 1.37711
16.6138 1.37713
16.6144 1.37698
16.615 1.37785
16.6157 1.37827
16.6163 1.37838
16.6169 1.37828
16.6176 1.37918
16.6182 1.37961
16.6188 1.37859
16.6195 1.37887
16.6201 1.38003
16.6207 1.3795
16.6214 1.38011
16.622 1.37923
16.6226 1.37961
16.6232 1.38084
16.6239 1.38037
16.6245 1.38102
16.6251 1.38242
16.6258 1.38204
16.6264 1.3816
16.627 1.38226
16.6277 1.38253
16.6283 1.38254
16.6289 1.38237
16.6295 1.38209
16.6302 1.38287
16.6308 1.38323
16.6314 1.38331
16.6321 1.38319
16.6327 1.38295
16.6333 1.38376
16.634 1.38302
16.6346 1.38351
16.6352 1.38481
16.6359 1.38438
16.6365 1.38506
16.6371 1.38535
16.6377 1.38537
16.6384 1.38635
16.639 1.38682
16.6396 1.38582
16.6403 1.38611
16.6409 1.38614
16.6415 1.38599
16.6422 1.38687
16.6428 1.38729
16.6434 1.38741
16.644 1.38844
16.6447 1.38782
16.6453 1.38835
16.6459 1.38854
16.6466 1.38849
16.6472 1.38828
16.6478 1.38798
16.6485 1.38875
16.6491 1.38911
16.6497 1.38919
16.6504 1.3902
16.651 1.38958
16.6516 1.39012
16.6522 1.39031
16.6529 1.39028
16.6535 1.39121
16.6541 1.39166
16.6548 1.39066
16.6554 1.39095
16.656 1.3921
16.6567 1.39158
16.6573 1.39219
16.6579 1.3913
16.6585 1.39168
16.6592 1.3929
16.6598 1.39243
16.6604 1.39307
16.6611 1.39446
16.6617 1.39408
16.6623 1.39364
16.663 1.39317
16.6636 1.39383
16.6642 1.39411
16.6649 1.39413
16.6655 1.39399
16.6661 1.39486
16.6667 1.39528
16.6674 1.3954
16.668 1.39643
16.6686 1.39693
16.6693 1.39708
16.6699 1.39586
16.6705 1.396
16.6712 1.39706
16.6718 1.39648
16.6724 1.39705
16.673 1.39726
16.6737 1.39724
16.6743 1.39819
16.6749 1.39752
16.6756 1.39691
16.6762 1.39748
16.6768 1.39772
16.6775 1.39772
16.6781 1.39871
16.6787 1.3992
16.6793 1.39937
16.68 1.39931
16.6806 1.3991
16.6812 1.39993
16.6819 1.40032
16.6825 1.40041
16.6831 1.4003
16.6838 1.40007
16.6844 1.40088
16.685 1.40126
16.6857 1.40134
16.6863 1.40235
16.6869 1.40173
16.6875 1.40226
16.6882 1.40245
16.6888 1.4024
16.6894 1.40333
16.6901 1.40377
16.6907 1.40275
16.6913 1.40303
16.692 1.40305
16.6926 1.40291
16.6932 1.40379
16.6938 1.40422
16.6945 1.40434
16.6951 1.40537
16.6957 1.40476
16.6964 1.4053
16.697 1.40662
16.6976 1.40618
16.6983 1.4057
16.6989 1.4052
16.6995 1.40584
16.7002 1.40611
16.7008 1.40613
16.7014 1.40598
16.702 1.40685
19.5107 2.8137
20.1749 1.40685
21.5818 2.8137
22.2721 1.40685
23.679 2.8137
24.3694 1.40685
25.7762 2.8137
26.4666 1.40685
27.8734 2.8137
28.5638 1.40685
29.9706 2.8137
30.661 1.40685
32.0678 2.8137
32.7582 1.40685
34.1651 2.8137
34.8554 1.40685
36.2623 2.8137
36.9526 1.40685
38.3595 2.8137
39.0499 1.40685
40.4567 2.8137
41.1471 1.40685
42.5539 2.8137
43.2443 1.40685
44.6511 2.8137
45.3415 1.40685
46.7483 2.8137
47.4387 1.40685
48.8456 2.8137
49.5359 1.40685
50.9428 2.8137
51.6331 1.40685
53.04 2.8137
53.7304 1.40685
55.1372 2.8137
55.8276 1.40685
57.2344 2.8137
57.9248 1.40685
59.3316 2.8137
60.022 1.40685
61.4288 2.8137
62.1192 1.40685
63.5261 2.8137
64.2164 1.40685
65.6233 2.8137
66.3136 1.40685
67.7205 2.8137
68.4109 1.40685
69.8177 2.8137
70.5081 1.40685
71.9149 2.8137
72.6053 1.40685
74.0121 2.8137
74.7025 1.40685
76.1093 2.8137
76.7997 1.40685
78.2066 2.8137
78.8969 1.40685
80.3038 2.8137
80.9941 1.40685
82.401 2.8137
83.0914 1.40685
84.4982 2.8137
85.1886 1.40685
86.5954 2.8137
87.2858 1.40685
88.6926 2.8137
89.383 1.40685
90.7898 2.8137
91.4802 1.40685
92.8871 2.8137
93.5774 1.40685
94.9843 2.8137
95.6746 1.40685
97.0815 2.8137
97.7719 1.40685
99.1787 2.8137
99.8691 1.40685
