0.0905768 1
0.0905768 341
0.18279 681
0.18279 1021
0.276537 1361
0.276537 1701
0.276537 2041
0.370283 2381
0.370283 2721
0.370283 3061
0.462454 3401
0.462454 3741
0.462454 4081
0.465606 4421
0.465606 4761
0.465606 5101
0.5562 5441
0.5562 5781
0.5562 6121
0.559352 6461
0.559352 6801
0.559352 7141
0.562504 7481
0.562504 7821
0.562504 8161
0.649946 8501
0.649946 8841
0.649946 9181
0.653098 9521
0.653098 9861
0.653098 10201
0.65625 10541
0.65625 10881
0.65625 11221
0.659402 11561
0.659402 11901
0.659402 12241
0.742117 12581
0.742117 12921
0.742117 13261
0.745269 13601
0.745269 13941
0.745269 14281
0.748421 14621
0.748421 14961
0.748421 15301
0.751573 15641
0.751573 15981
0.751573 16321
0.754725 16661
0.754725 17001
0.754725 17341
0.757877 17681
0.757877 18021
0.757877 18361
0.834287 18701
0.834287 19041
0.834287 19381
0.837439 19721
0.837439 20061
0.837439 20401
0.840591 20741
0.840591 21081
0.840591 21421
0.843743 21761
0.843743 22101
0.843743 22441
0.846895 22781
0.846895 23121
0.846895 23461
0.850047 23801
0.850047 24141
0.850047 24481
0.853199 24821
0.853199 25161
0.853199 25501
0.856351 25841
0.856351 26181
0.856351 26521
0.859503 26861
0.859503 27201
0.859503 27541
0.926458 27881
0.926458 28221
0.926458 28561
0.92961 28901
0.92961 29241
0.92961 29581
0.932762 29921
0.932762 30261
0.932762 30601
0.935914 30941
0.935914 31281
0.935914 31621
0.939066 31961
0.939066 32301
0.939066 32641
0.942218 32981
0.942218 33321
0.942218 33661
0.94537 34001
0.94537 34341
0.94537 34681
0.948522 35021
0.948522 35361
0.948522 35701
0.951674 36041
0.951674 36381
0.951674 36721
0.954826 37061
0.954826 37401
0.954826 37741
0.957978 38081
0.957978 38421
0.957978 38761
0.96113 39101
0.96113 39441
0.96113 39781
0.964282 40121
0.964282 40461
0.964282 40801
0.967434 41141
0.967434 41481
0.967434 41821
1.0202 42161
1.0202 42501
1.0202 42841
1.02336 43181
1.02336 43521
1.02336 43861
1.02651 44201
1.02651 44541
1.02651 44881
1.02966 45221
1.02966 45561
1.02966 45901
1.03281 46241
1.03281 46581
1.03281 46921
1.03596 47261
1.03596 47601
1.03596 47941
1.03912 48281
1.03912 48621
1.03912 48961
1.04227 49301
1.04227 49641
1.04227 49981
1.04542 50321
1.04542 50661
1.04542 51001
1.04857 51341
1.04857 51681
1.04857 52021
1.05172 52361
1.05172 52701
1.05172 53041
1.05488 53381
1.05488 53721
1.05488 54061
1.05803 54401
1.05803 54741
1.05803 55081
1.06118 55421
1.06118 55761
1.06118 56101
1.06433 56441
1.06433 56781
1.06433 57121
1.06748 57461
1.06748 57801
1.06748 58141
1.07064 58481
1.07064 58821
1.07064 59161
1.07379 59501
1.07379 59841
1.07379 60181
1.07694 60521
1.07694 60861
1.07694 61201
1.08009 61541
1.08009 61881
1.08009 62221
1.08324 62561
1.08324 62901
1.08324 63241
1.11395 63581
1.11395 63921
1.11395 64261
1.1171 64601
1.1171 64941
1.1171 65281
1.12025 65621
1.12025 65961
1.12025 66301
1.12341 66641
1.12341 66981
1.12341 67321
1.12656 67661
1.12656 68001
1.12656 68341
1.12971 68681
1.12971 69021
1.12971 69361
1.13286 69701
1.13286 70041
1.13286 70381
1.13601 70721
1.13601 71061
1.13601 71401
1.13917 71741
1.13917 72081
1.13917 72421
1.14232 72761
1.14232 73101
1.14232 73441
1.14547 73781
1.14547 74121
1.14547 74461
1.14862 74801
1.14862 75141
1.14862 75481
1.15177 75821
1.15177 76161
1.15177 76501
1.15493 76841
1.15493 77181
1.15493 77521
1.15808 77861
1.15808 78201
1.15808 78541
1.16123 78881
1.16123 79221
1.16123 79561
1.16438 79901
1.16438 80241
1.16438 80581
1.16753 80921
1.16753 81261
1.16753 81601
1.17069 81941
1.17069 82281
1.17069 82621
1.17384 82961
1.17384 83301
1.17384 83641
1.17699 83981
1.17699 84321
1.17699 84661
1.18014 85001
1.18014 85341
1.18014 85681
1.18329 86021
1.18329 86361
1.18329 86701
1.18645 87041
1.18645 87381
1.18645 87721
1.1896 88061
1.1896 88401
1.1896 88741
1.19275 89081
1.19275 89421
1.19275 89761
1.1959 90101
1.1959 90441
1.1959 90781
1.19905 91121
1.19905 91461
1.19905 91801
1.20221 92141
1.20221 92481
1.20221 92821
1.20536 93161
1.20536 93501
1.20536 93841
1.20851 94181
1.20851 94521
1.20851 94861
1.21166 95201
1.21166 95541
1.21166 95881
1.21481 96221
1.21481 96561
1.21481 96901
1.21797 97241
1.21797 97581
1.21797 97921
1.22112 98261
1.22112 98601
1.22112 98941
1.22427 99281
1.22427 99621
1.22427 99961
1.22742 100301
1.22742 100641
1.22742 100981
1.23057 101321
1.23057 101661
1.23057 102001
1.23373 102341
1.23373 102681
1.23373 103021
1.23688 103361
1.23688 103701
1.23688 104041
1.24003 104381
1.24003 104721
1.24003 105061
1.24318 105401
1.24318 105741
1.24318 106081
1.24633 106421
1.24633 106761
1.24633 107101
1.24949 107441
1.24949 107781
1.24949 108121
1.25264 108461
1.25264 108801
1.25264 109141
1.25579 109481
1.25579 109821
1.25579 110161
1.25894 110501
1.25894 110841
1.25894 111181
1.26209 111521
1.26209 111861
1.26209 112201
1.26525 112541
1.26525 112881
1.26525 113221
1.2684 113561
1.2684 113901
1.2684 114241
1.27155 114581
1.27155 114921
1.27155 115261
1.2747 115601
1.2747 115941
1.2747 116281
1.27785 116621
1.27785 116961
1.27785 117301
1.28101 117641
1.28101 117981
1.28101 118321
1.28416 118661
1.28416 119001
1.28416 119341
1.28731 119681
1.28731 120021
1.28731 120361
1.29046 120701
1.29046 121041
1.29046 121381
1.29361 121721
1.29361 122061
1.29361 122401
1.29677 122741
1.29677 123081
1.29677 123421
1.29992 123761
1.29992 124101
1.29992 124441
1.30307 124781
1.30307 125121
1.30307 125461
1.30622 125801
1.30622 126141
1.30622 126481
1.30937 126821
1.30937 127161
1.30937 127501
1.31253 127841
1.31253 128181
1.31253 128521
1.31568 128861
1.31568 129201
1.31568 129541
1.31883 129881
1.31883 130221
1.31883 130561
1.32198 130901
1.32198 131241
1.32198 131581
1.32513 131921
1.32513 132261
1.32513 132601
1.32829 132941
1.32829 133281
1.32829 133621
1.33144 133961
1.33144 134301
1.33144 134641
1.33459 134981
1.33459 135321
1.33459 135661
1.33774 136001
1.33774 136341
1.33774 136681
1.34089 137021
1.34089 137361
1.34089 137701
1.34405 138041
1.34405 138381
1.34405 138721
1.3472 139061
1.3472 139401
1.3472 139741
1.35035 140081
1.35035 140421
1.35035 140761
1.3535 141101
1.3535 141441
1.3535 141781
1.35665 142121
1.35665 142461
1.35665 142801
1.35981 143141
1.35981 143481
1.35981 143821
1.36296 144161
1.36296 144501
1.36296 144841
1.36611 145181
1.36611 145521
1.36611 145861
1.36926 146201
1.36926 146541
1.36926 146881
1.37241 147221
1.37241 147561
1.37241 147901
1.37557 148241
1.37557 148581
1.37557 148921
1.37872 149261
1.37872 149601
1.37872 149941
1.38187 150281
1.38187 150621
1.38187 150961
1.38502 151301
1.38502 151641
1.38502 151981
1.38817 152321
1.38817 152661
1.38817 153001
1.39133 153341
1.39133 153681
1.39133 154021
1.39448 154361
1.39448 154701
1.39448 155041
1.39763 155381
1.39763 155721
1.39763 156061
1.40078 156401
1.40078 156741
1.40078 157081
1.40393 157421
1.40393 157761
1.40393 158101
1.40709 158441
1.40709 158781
1.40709 159121
1.41024 159461
1.41024 159801
1.41024 160141
1.41339 160481
1.41339 160821
1.41339 161161
1.41654 161501
1.41654 161841
1.41654 162181
1.41969 162521
1.41969 162861
1.41969 163201
1.42285 163541
1.42285 163881
1.42285 164221
1.426 164561
1.426 164901
1.426 165241
1.42915 165581
1.42915 165921
1.42915 166261
1.4323 166601
1.4323 166941
1.4323 167281
1.43545 167621
1.43545 167961
1.43545 168301
1.43861 168641
1.43861 168981
1.43861 169321
1.44176 169661
1.44176 170001
1.44176 170341
1.44491 170681
1.44491 171021
1.44491 171361
1.44806 171701
1.44806 172041
1.44806 172381
1.45121 172721
1.45121 173061
1.45121 173401
1.45437 173741
1.45437 174081
1.45437 174421
1.45752 174761
1.45752 175101
1.45752 175441
1.46067 175781
1.46067 176121
1.46067 176461
1.46382 176801
1.46382 177141
1.46382 177481
1.46697 177821
1.46697 178161
1.46697 178501
1.47013 178841
1.47013 179181
1.47013 179521
1.47328 179861
1.47328 180201
1.47328 180541
1.47643 180881
1.47643 181221
1.47643 181561
1.47958 181901
1.47958 182241
1.47958 182581
1.48273 182921
1.48273 183261
1.48273 183601
1.48589 183941
1.48589 184281
1.48589 184621
1.48904 184961
1.48904 185301
1.48904 185641
1.49219 185981
1.49219 186321
1.49219 186661
1.49534 187001
1.49534 187341
1.49534 187681
1.49849 188021
1.49849 188361
1.49849 188701
1.50165 189041
1.50165 189381
1.50165 189721
1.5048 190061
1.5048 190401
1.5048 190741
1.50795 191081
1.50795 191421
1.50795 191761
1.5111 192101
1.5111 192441
1.5111 192781
1.51425 193121
1.51425 193461
1.51425 193801
1.51741 194141
1.51741 194481
1.51741 194821
1.52056 195161
1.52056 195501
1.52056 195841
1.52371 196181
1.52371 196521
1.52371 196861
1.52686 197201
1.52686 197541
1.52686 197881
1.53001 198221
1.53001 198561
1.53001 198901
1.53317 199241
1.53317 199581
1.53317 199921
1.53632 200261
1.53632 200601
1.53632 200941
1.53947 201281
1.53947 201621
1.53947 201961
1.54262 202301
1.54262 202641
1.54262 202981
1.54577 203321
1.54577 203661
1.54577 204001
1.54893 204341
1.54893 204681
1.54893 205021
1.55208 205361
1.55208 205701
1.55208 206041
1.55523 206381
1.55523 206721
1.55523 207061
1.55838 207401
1.55838 207741
1.55838 208081
1.56153 208421
1.56153 208761
1.56153 209101
1.56469 209441
1.56469 209781
1.56469 210121
1.56784 210461
1.56784 210801
1.56784 211141
1.57099 211481
1.57099 211821
1.57099 212161
1.57414 212501
1.57414 212841
1.57414 213181
1.57729 213521
1.57729 213861
1.57729 214201
1.58045 214541
1.58045 214881
1.58045 215221
1.5836 215561
1.5836 215901
1.5836 216241
1.58675 216581
1.58675 216921
1.58675 217261
1.5899 217601
1.5899 217941
1.5899 218281
1.59305 218621
1.59305 218961
1.59305 219301
1.59621 219641
1.59621 219981
1.59621 220321
1.59936 220661
1.59936 221001
1.59936 221341
1.60251 221681
1.60251 222021
1.60251 222361
1.60566 222701
1.60566 223041
1.60566 223381
1.60881 223721
1.60881 224061
1.60881 224401
1.61197 224741
1.61197 225081
1.61197 225421
1.61512 225761
1.61512 226101
1.61512 226441
1.61827 226781
1.61827 227121
1.61827 227461
1.62142 227801
1.62142 228141
1.62142 228481
1.62457 228821
1.62457 229161
1.62457 229501
1.62773 229841
1.62773 230181
1.62773 230521
1.63088 230861
1.63088 231201
1.63088 231541
1.63403 231881
1.63403 232221
1.63403 232561
1.63718 232901
1.63718 233241
1.63718 233581
1.64033 233921
1.64033 234261
1.64033 234601
1.64349 234941
1.64349 235281
1.64349 235621
1.64664 235961
1.64664 236301
1.64664 236641
1.64979 236981
1.64979 237321
1.64979 237661
1.65294 238001
1.65294 238341
1.65294 238681
1.65609 239021
1.65609 239361
1.65609 239701
1.65925 240041
1.65925 240381
1.65925 240721
1.6624 241061
1.6624 241401
1.6624 241741
1.66555 242081
1.66555 242421
1.66555 242761
1.6687 243101
1.6687 243441
1.6687 243781
1.67185 244121
1.67185 244461
1.67185 244801
1.67501 245141
1.67501 245481
1.67501 245821
1.67816 246161
1.67816 246501
1.67816 246841
1.68131 247181
1.68131 247521
1.68131 247861
1.68446 248201
1.68446 248541
1.68446 248881
1.68761 249221
1.68761 249561
1.68761 249901
1.69077 250241
1.69077 250581
1.69077 250921
1.69392 251261
1.69392 251601
1.69392 251941
1.69707 252281
1.69707 252621
1.69707 252961
1.70022 253301
1.70022 253641
1.70022 253981
1.70337 254321
1.70337 254661
1.70337 255001
1.70653 255341
1.70653 255681
1.70653 256021
1.70968 256361
1.70968 256701
1.70968 257041
1.71283 257381
1.71283 257721
1.71283 258061
1.71598 258401
1.71598 258741
1.71598 259081
1.71913 259421
1.71913 259761
1.71913 260101
1.72229 260441
1.72229 260781
1.72229 261121
1.72544 261461
1.72544 261801
1.72544 262141
1.72859 262481
1.72859 262821
1.72859 263161
1.73174 263501
1.73174 263841
1.73174 264181
1.73489 264521
1.73489 264861
1.73489 265201
1.73805 265541
1.73805 265881
1.73805 266221
1.7412 266561
1.7412 266901
1.7412 267241
1.74435 267581
1.74435 267921
1.74435 268261
1.7475 268601
1.7475 268941
1.7475 269281
1.75065 269621
1.75065 269961
1.75065 270301
1.75381 270641
1.75381 270981
1.75381 271321
1.75696 271661
1.75696 272001
1.75696 272341
1.76011 272681
1.76011 273021
1.76011 273361
1.76326 273701
1.76326 274041
1.76326 274381
1.76641 274721
1.76641 275061
1.76641 275401
1.76957 275741
1.76957 276081
1.76957 276421
1.77272 276761
1.77272 277101
1.77272 277441
1.77587 277781
1.77587 278121
1.77587 278461
1.77902 278801
1.77902 279141
1.77902 279481
1.78217 279821
1.78217 280161
1.78217 280501
1.78533 280841
1.78533 281181
1.78533 281521
1.78848 281861
1.78848 282201
1.78848 282541
1.79163 282881
1.79163 283221
1.79163 283561
1.79478 283901
1.79478 284241
1.79478 284581
1.79793 284921
1.79793 285261
1.79793 285601
1.80109 285941
1.80109 286281
1.80109 286621
1.80424 286961
1.80424 287301
1.80424 287641
1.80739 287981
1.80739 288321
1.80739 288661
1.81054 289001
1.81054 289341
1.81054 289681
1.81369 290021
1.81369 290361
1.81369 290701
1.81685 291041
1.81685 291381
1.81685 291721
1.82 292061
1.82 292401
1.82 292741
1.82315 293081
1.82315 293421
1.82315 293761
1.8263 294101
1.8263 294441
1.8263 294781
1.82945 295121
1.82945 295461
1.82945 295801
1.83261 296141
1.83261 296481
1.83261 296821
1.83576 297161
1.83576 297501
1.83576 297841
1.83891 298181
1.83891 298521
1.83891 298861
1.84206 299201
1.84206 299541
1.84206 299881
1.84521 300221
1.84521 300561
1.84521 300901
1.84837 301241
1.84837 301581
1.84837 301921
1.85152 302261
1.85152 302601
1.85152 302941
1.85467 303281
1.85467 303621
1.85467 303961
1.85782 304301
1.85782 304641
1.85782 304981
1.86097 305321
1.86097 305661
1.86097 306001
1.86413 306341
1.86413 306681
1.86413 307021
1.86728 307361
1.86728 307701
1.86728 308041
1.87043 308381
1.87043 308721
1.87043 309061
1.87358 309401
1.87358 309741
1.87358 310081
1.87673 310421
1.87673 310761
1.87673 311101
1.87989 311441
1.87989 311781
1.87989 312121
1.88304 312461
1.88304 312801
1.88304 313141
1.88619 313481
1.88619 313821
1.88619 314161
1.88934 314501
1.88934 314841
1.88934 315181
1.89249 315521
1.89249 315861
1.89249 316201
1.89565 316541
1.89565 316881
1.89565 317221
1.8988 317561
1.8988 317901
1.8988 318241
1.90195 318581
1.90195 318921
1.90195 319261
1.9051 319601
1.9051 319941
1.9051 320281
1.90825 320621
1.90825 320961
1.90825 321301
1.91141 321641
1.91141 321981
1.91141 322321
1.91456 322661
1.91456 323001
1.91456 323341
1.91771 323681
1.91771 324021
1.91771 324361
1.92086 324701
1.92086 325041
1.92086 325381
1.92401 325721
1.92401 326061
1.92401 326401
1.92717 326741
1.92717 327081
1.92717 327421
1.92874 327761
1.93032 328101
1.93189 217941
1.93189 328101
2.18721 328441
2.18878 328781
2.19036 329121
2.19193 329461
2.19351 329801
2.19509 330141
2.19666 330481
2.19824 330821
2.19981 331161
2.20139 331501
2.20297 331841
2.20454 332181
2.20612 332521
2.20769 332861
2.20927 333201
2.21085 333541
2.21242 333881
2.214 334221
2.21557 334561
2.21715 334901
2.21873 335241
2.2203 335581
2.22188 335921
2.22345 336261
2.22503 336601
2.22661 336941
2.22818 337281
2.22976 337621
2.23133 337961
2.23291 338301
2.23449 338641
2.23606 338981
2.23764 339321
2.23921 339661
2.24079 340001
2.24237 340341
2.24394 340681
2.24552 341021
2.24709 341361
2.24867 341701
2.25025 342041
2.25182 342381
2.2534 342721
2.25497 343061
2.25655 343401
2.25813 343741
2.2597 344081
2.26128 344421
2.26285 344761
2.26443 345101
2.26601 345441
2.26758 345781
2.26916 218961
2.26916 345781
2.26916 346121
2.27938 346461
2.28095 346801
2.28253 347141
2.2841 347481
2.28568 347821
2.28726 348161
2.28883 348501
2.29041 348841
2.29198 349181
2.29356 349521
2.29514 349861
2.29671 350201
2.29829 350541
2.29986 350881
2.30144 351221
2.30302 351561
2.30459 351901
2.30617 352241
2.30774 352581
2.30932 352921
2.3109 353261
2.31247 353601
2.31405 353941
2.31562 354281
2.3172 354621
2.31878 354961
2.32035 355301
2.32193 355641
2.3235 355981
2.32508 356321
2.32666 356661
2.32823 357001
2.32981 357341
2.33138 357681
2.33296 358021
2.33454 358361
2.33611 358701
2.33769 359041
2.33926 359381
2.34084 359721
2.34242 360061
2.34399 360401
2.34557 360741
2.34714 361081
2.34872 361421
2.3503 361761
2.35187 362101
2.35345 362441
2.35502 362781
2.3566 363121
2.35818 363461
2.35975 363801
2.36133 219981
2.36133 363801
2.36133 364141
2.3629 364481
2.37155 364821
2.37312 365161
2.3747 365501
2.37627 365841
2.37785 366181
2.37943 366521
2.381 366861
2.38258 367201
2.38415 367541
2.38573 367881
2.38731 368221
2.38888 368561
2.39046 368901
2.39203 369241
2.39361 369581
2.39519 369921
2.39676 370261
2.39834 370601
2.39991 370941
2.40149 371281
2.40307 371621
2.40464 371961
2.40622 372301
2.40779 372641
2.40937 372981
2.41095 373321
2.41252 373661
2.4141 374001
2.41567 374341
2.41725 374681
2.41883 375021
2.4204 375361
2.42198 375701
2.42355 376041
2.42513 376381
2.42671 376721
2.42828 377061
2.42986 377401
2.43143 377741
2.43301 378081
2.43459 378421
2.43616 378761
2.43774 379101
2.43931 379441
2.44089 379781
2.44247 380121
2.44404 380461
2.44562 380801
2.44719 381141
2.44877 381481
2.45035 381821
2.45192 382161
2.4535 221001
2.4535 382161
2.4535 382501
2.45507 382841
2.45665 383181
2.46372 383521
2.46529 383861
2.46687 384201
2.46844 384541
2.47002 384881
2.4716 385221
2.47317 385561
2.47475 385901
2.47632 386241
2.4779 386581
2.47948 386921
2.48105 387261
2.48263 387601
2.4842 387941
2.48578 388281
2.48736 388621
2.48893 388961
2.49051 389301
2.49208 389641
2.49366 389981
2.49524 390321
2.49681 390661
2.49839 391001
2.49996 391341
2.50154 391681
2.50312 392021
2.50469 392361
2.50627 392701
2.50784 393041
2.50942 393381
2.511 393721
2.51257 394061
2.51415 394401
2.51572 394741
2.5173 395081
2.51888 395421
2.52045 395761
2.52203 396101
2.5236 396441
2.52518 396781
2.52676 397121
2.52833 397461
2.52991 397801
2.53148 398141
2.53306 398481
2.53464 398821
2.53621 399161
2.53779 399501
2.53936 399841
2.54094 400181
2.54252 400521
2.54409 400861
2.54567 222021
2.54567 400861
2.54567 401201
2.54724 401541
2.54882 401881
2.5504 402221
2.55589 402561
2.55746 402901
2.55904 403241
2.56062 403581
2.56219 403921
2.56377 404261
2.56534 404601
2.56692 404941
2.5685 405281
2.57007 405621
2.57165 405961
2.57322 406301
2.5748 406641
2.57638 406981
2.57795 407321
2.57953 407661
2.5811 408001
2.58268 408341
2.58426 408681
2.58583 409021
2.58741 409361
2.58898 409701
2.59056 410041
2.59214 410381
2.59371 410721
2.59529 411061
2.59686 411401
2.59844 411741
2.60002 412081
2.60159 412421
2.60317 412761
2.60474 413101
2.60632 413441
2.6079 413781
2.60947 414121
2.61105 414461
2.61262 414801
2.6142 415141
2.61578 415481
2.61735 415821
2.61893 416161
2.6205 416501
2.62208 416841
2.62366 417181
2.62523 417521
2.62681 417861
2.62838 418201
2.62996 418541
2.63154 418881
2.63311 419221
2.63469 419561
2.63626 419901
2.63784 223041
2.63784 419901
2.63784 420241
2.63942 420581
2.64099 420921
2.64257 421261
2.64414 421601
2.64806 421941
2.64963 422281
2.65121 422621
2.65279 422961
2.65436 423301
2.65594 423641
2.65751 423981
2.65909 424321
2.66067 424661
2.66224 425001
2.66382 425341
2.66539 425681
2.66697 426021
2.66855 426361
2.67012 426701
2.6717 427041
2.67327 427381
2.67485 427721
2.67643 428061
2.678 428401
2.67958 428741
2.68115 429081
2.68273 429421
2.68431 429761
2.68588 430101
2.68746 430441
2.68903 430781
2.69061 431121
2.69219 431461
2.69376 431801
2.69534 432141
2.69691 432481
2.69849 432821
2.70007 433161
2.70164 433501
2.70322 433841
2.70479 434181
2.70637 434521
2.70795 434861
2.70952 435201
2.7111 435541
2.71267 435881
2.71425 436221
2.71583 436561
2.7174 436901
2.71898 437241
2.72055 437581
2.72213 437921
2.72371 438261
2.72528 438601
2.72686 438941
2.72843 439281
2.73001 224061
2.73001 439281
2.73001 439621
2.73159 439961
2.73316 440301
2.73474 440641
2.73631 440981
2.73789 441321
2.74023 441661
2.7418 442001
2.74338 442341
2.74496 442681
2.74653 443021
2.74811 443361
2.74968 443701
2.75126 444041
2.75284 444381
2.75441 444721
2.75599 445061
2.75756 445401
2.75914 445741
2.76072 446081
2.76229 446421
2.76387 446761
2.76544 447101
2.76702 447441
2.7686 447781
2.77017 448121
2.77175 448461
2.77332 448801
2.7749 449141
2.77648 449481
2.77805 449821
2.77963 450161
2.7812 450501
2.78278 450841
2.78436 451181
2.78593 451521
2.78751 451861
2.78908 452201
2.79066 452541
2.79224 452881
2.79381 453221
2.79539 453561
2.79696 453901
2.79854 454241
2.80012 454581
2.80169 454921
2.80327 455261
2.80484 455601
2.80642 455941
2.808 456281
2.80957 456621
2.81115 456961
2.81272 457301
2.8143 457641
2.81588 457981
2.81745 458321
2.81903 458661
2.8206 459001
2.82218 225081
2.82218 459001
2.82218 459341
2.82376 459681
2.82533 460021
2.82691 460361
2.82848 460701
2.83006 461041
2.83164 461381
2.83321 461721
2.83479 462061
2.83636 462401
2.83794 462741
2.83952 463081
2.84109 463421
2.84267 463761
2.84424 464101
2.84582 464441
2.8474 464781
2.84897 465121
2.85055 465461
2.85212 465801
2.8537 466141
2.85528 466481
2.85685 466821
2.85843 467161
2.86 467501
2.86158 467841
2.86316 468181
2.86473 468521
2.86631 468861
2.86788 469201
2.86946 469541
2.87104 469881
2.87261 470221
2.87419 470561
2.87576 470901
2.87734 471241
2.87892 471581
2.88049 471921
2.88207 472261
2.88364 472601
2.88522 472941
2.8868 473281
2.88837 473621
2.88995 473961
2.89152 474301
2.8931 474641
2.89468 474981
2.89625 475321
2.89783 475661
2.8994 476001
2.90098 476341
2.90256 476681
2.90413 477021
2.90571 477361
2.90728 477701
2.90886 478041
2.91044 478381
2.91201 478721
2.91359 479061
2.91516 226101
2.91516 479061
2.91516 479401
2.91674 479741
2.91832 480081
2.91989 480421
2.92147 480761
2.92304 481101
2.92462 481441
2.9262 481781
2.92777 482121
2.92935 482461
2.93092 482801
2.9325 483141
2.93408 483481
2.93565 483821
2.93723 484161
2.9388 484501
2.94038 484841
2.94196 485181
2.94353 485521
2.94511 485861
2.94668 486201
2.94826 486541
2.94984 486881
2.95141 487221
2.95299 487561
2.95456 487901
2.95614 488241
2.95772 488581
2.95929 488921
2.96087 489261
2.96244 489601
2.96402 489941
2.9656 490281
2.96717 490621
2.96875 490961
2.97032 491301
2.9719 491641
2.97348 491981
2.97505 492321
2.97663 492661
2.9782 493001
2.97978 493341
2.98136 493681
2.98293 494021
2.98451 494361
2.98608 494701
2.98766 495041
2.98924 495381
2.99081 495721
2.99239 496061
2.99396 496401
2.99554 496741
2.99712 497081
2.99869 497421
3.00027 497761
3.00184 498101
3.00342 498441
3.005 498781
3.00657 499121
3.00815 499461
3.00972 227121
3.00972 499461
3.00972 499801
3.0113 500141
3.01288 500481
3.01445 500821
3.01603 501161
3.0176 501501
3.01918 501841
3.02076 502181
3.02233 502521
3.02391 502861
3.02548 503201
3.02706 503541
3.02864 503881
3.03021 504221
3.03179 504561
3.03336 504901
3.03494 505241
3.03652 505581
3.03809 505921
3.03967 506261
3.04124 506601
3.04282 506941
3.0444 507281
3.04597 507621
3.04755 507961
3.04912 508301
3.0507 508641
3.05228 508981
3.05385 509321
3.05543 509661
3.057 510001
3.05858 510341
3.06016 510681
3.06173 511021
3.06331 511361
3.06488 511701
3.06646 512041
3.06804 512381
3.06961 512721
3.07119 513061
3.07276 513401
3.07434 513741
3.07592 514081
3.07749 514421
3.07907 514761
3.08064 515101
3.08222 515441
3.0838 515781
3.08537 516121
3.08695 516461
3.08852 516801
3.0901 517141
3.09168 517481
3.09325 517821
3.09483 518161
3.0964 518501
3.09798 518841
3.09956 519181
3.10113 519521
3.10271 519861
3.10428 520201
3.10586 228141
3.10586 520201
3.10586 520541
3.10744 520881
3.10901 521221
3.11059 521561
3.11216 521901
3.11374 522241
3.11532 522581
3.11689 522921
3.11847 523261
3.12004 523601
3.12162 523941
3.1232 524281
3.12477 524621
3.12635 524961
3.12792 525301
3.1295 525641
3.13108 525981
3.13265 526321
3.13423 526661
3.1358 527001
3.13738 527341
3.13896 527681
3.14053 528021
3.14211 528361
3.14368 528701
3.14526 529041
3.14684 529381
3.14841 529721
3.14999 530061
3.15156 530401
3.15314 530741
3.15472 531081
3.15629 531421
3.15787 531761
3.15944 532101
3.16102 532441
3.1626 532781
3.16417 533121
3.16575 533461
3.16732 533801
3.1689 534141
3.17048 534481
3.17205 534821
3.17363 535161
3.1752 535501
3.17678 535841
3.17836 536181
3.17993 536521
3.18151 536861
3.18308 537201
3.18466 537541
3.18624 537881
3.18781 538221
3.18939 538561
3.19096 538901
3.19254 539241
3.19412 539581
3.19569 539921
3.19727 540261
3.19884 540601
3.20042 540941
3.202 541281
3.20357 229161
3.20357 541281
3.20357 541621
3.20515 541961
3.20672 542301
3.2083 542641
3.20988 542981
3.21145 543321
3.21303 543661
3.2146 544001
3.21618 544341
3.21776 544681
3.21933 545021
3.22091 545361
3.22248 545701
3.22406 546041
3.22564 546381
3.22721 546721
3.22879 547061
3.23036 547401
3.23194 547741
3.23352 548081
3.23509 548421
3.23667 548761
3.23824 549101
3.23982 549441
3.2414 549781
3.24297 550121
3.24455 550461
3.24612 550801
3.2477 551141
3.24928 551481
3.25085 551821
3.25243 552161
3.254 552501
3.25558 552841
3.25716 553181
3.25873 553521
3.26031 553861
3.26188 554201
3.26346 554541
3.26504 554881
3.26661 555221
3.26819 555561
3.26916 229161
3.26916 229501
3.30286 230181
4.30286 230521
4.39503 231201
5.39503 231541
5.4872 232221
6.4872 232561
6.57937 233241
7.57937 233581
7.67154 234261
8.67154 234601
8.76371 235281
9.76371 235621
9.85588 236301
10.8559 236641
10.9481 237321
11.9481 237661
12.0402 238341
13.0402 238681
13.1324 239361
14.1324 239701
14.2246 240381
15.2246 240721
15.3167 241401
16.3167 241741
16.4089 242421
17.4089 242761
17.5011 243441
18.5011 243781
18.5932 244461
19.5932 244801
19.6854 245481
20.6854 245821
20.7776 246501
21.7776 246841
21.8698 247521
22.8698 247861
22.9619 248541
23.9619 248881
24.0541 249561
25.0541 249901
25.1463 250581
26.1463 250921
26.2384 251601
27.2384 251941
27.3306 252621
28.3306 252961
28.4228 253641
29.4228 253981
29.5149 254661
30.5149 255001
30.6071 255681
31.6071 256021
31.6993 256701
32.6993 257041
32.7915 257721
33.7915 258061
33.8836 258741
34.8836 259081
34.9758 259761
35.9758 260101
36.068 260781
37.068 261121
37.1601 261801
38.1601 262141
38.2523 262821
39.2523 263161
39.3445 263841
40.3445 264181
40.4367 264861
41.4367 265201
41.5288 265881
42.5288 266221
42.621 266901
43.621 267241
43.7132 267921
44.7132 268261
44.8053 268941
45.8053 269281
45.8975 269961
46.8975 270301
46.9897 270981
47.9897 271321
48.0818 272001
49.0818 272341
49.174 273021
50.174 273361
50.2662 274041
51.2662 274381
51.3584 275061
52.3584 275401
52.4505 276081
53.4505 276421
53.5427 277101
54.5427 277441
54.6349 278121
55.6349 278461
55.727 279141
56.727 279481
56.8192 280161
57.8192 280501
57.9114 281181
58.9114 281521
59.0036 282201
60.0036 282541
60.0957 283221
61.0957 283561
61.1879 284241
62.1879 284581
62.2801 285261
63.2801 285601
63.3722 286281
64.3722 286621
64.4644 287301
65.4644 287641
65.5566 288321
66.5566 288661
66.6487 289341
67.6487 289681
67.7409 290361
68.7409 290701
68.8331 291381
69.8331 291721
69.9253 292401
70.9253 292741
71.0174 293421
72.0174 293761
72.1096 294441
73.1096 294781
73.2018 295461
74.2018 295801
74.2939 296481
75.2939 296821
75.3861 297501
76.3861 297841
76.4783 298521
77.4783 298861
77.5704 299541
78.5704 299881
78.6626 300561
79.6626 300901
79.7548 301581
80.7548 301921
80.847 302601
81.847 302941
81.9391 303621
82.9391 303961
83.0313 304641
84.0313 304981
84.1235 305661
85.1235 306001
85.2156 306681
86.2156 307021
86.3078 307701
87.3078 308041
87.4 308721
88.4 309061
88.4922 309741
89.4922 310081
89.5843 310761
90.5843 311101
90.6765 311781
91.6765 312121
91.7687 312801
92.7687 313141
92.8608 313821
93.8608 314161
93.953 314841
94.953 315181
95.0452 315861
96.0452 316201
96.1373 316881
97.1373 317221
97.2295 317901
98.2295 318241
98.3217 318921
99.3217 319261
99.4139 319941
